0.00000000
0.06283185
0.12566371
0.18849556
0.25132741
0.31415927
0.37699112
0.43982297
0.50265482
0.56548668
0.62831853
0.69115038
0.75398224
0.81681409
0.87964594
0.94247780
1.00530965
1.06814150
1.13097336
1.19380521
1.25663706
1.31946891
1.38230077
1.44513262
1.50796447
1.57079633
1.63362818
1.69646003
1.75929189
1.82212374
1.88495559
1.94778745
2.01061930
2.07345115
2.13628300
2.19911486
2.26194671
2.32477856
2.38761042
2.45044227
2.51327412
2.57610598
2.63893783
2.70176968
2.76460154
2.82743339
2.89026524
2.95309709
3.01592895
3.07876080
3.14159265
3.20442451
3.26725636
3.33008821
3.39292007
3.45575192
3.51858377
3.58141563
3.64424748
3.70707933
3.76991118
3.83274304
3.89557489
3.95840674
4.02123860
4.08407045
4.14690230
4.20973416
4.27256601
4.33539786
4.39822972
4.46106157
4.52389342
4.58672527
4.64955713
4.71238898
4.77522083
4.83805269
4.90088454
4.96371639
5.02654825
5.08938010
5.15221195
5.21504380
5.27787566
5.34070751
5.40353936
5.46637122
5.52920307
5.59203492
5.65486678
5.71769863
5.78053048
5.84336234
5.90619419
5.96902604
6.03185789
6.09468975
6.15752160
6.22035345
6.28318531
