0.00000000 0.00000000 0.00000000 0.00000000 0.00000000 0.00000000 0.00000000 0.00000000 0.00000000 0.00000000 0.00000000 0.00000000 0.00000000 0.00000000 0.00000000 0.00000000 0.00000000 0.00000000 0.00000000 0.00000000 0.00000000 0.00000000 0.00000000 0.00000000 0.00000000 0.00000000 0.00000000 0.00000000 0.00000000 0.00000000 0.00000000 0.00000000 0.00000000 0.00000000 0.00000000 0.00000000 0.00000000 0.00000000 0.00000000 0.00000000 0.00000000 0.00000000 0.00000000 0.00000000 0.00000000 0.00000000 0.00000000 0.00000000 0.00000000 0.00000000
0.00000000 -0.00000760 -0.00001878 -0.00003532 -0.00006524 -0.00010897 -0.00018142 -0.00027744 -0.00041501 -0.00056857 -0.00074060 -0.00086478 -0.00092478 -0.00086478 -0.00074060 -0.00056857 -0.00041501 -0.00027745 -0.00018145 -0.00010905 -0.00006545 -0.00003579 -0.00001992 -0.00000994 -0.00000515 -0.00000235 -0.00000113 -0.00000047 -0.00000020 -0.00000006 -0.00000001 0.00000003 0.00000005 0.00000007 0.00000010 0.00000010 0.00000012 0.00000012 0.00000012 0.00000010 0.00000010 0.00000007 0.00000006 0.00000004 0.00000003 0.00000002 0.00000001 0.00000001 0.00000000 0.00000000
0.00000000 -0.00001567 -0.00003623 -0.00007249 -0.00012703 -0.00022257 -0.00035694 -0.00056603 -0.00082602 -0.00116468 -0.00149317 -0.00178489 -0.00187955 -0.00178489 -0.00149317 -0.00116468 -0.00082603 -0.00056606 -0.00035700 -0.00022275 -0.00012743 -0.00007349 -0.00003836 -0.00002058 -0.00000981 -0.00000491 -0.00000213 -0.00000098 -0.00000037 -0.00000013 -0.00000000 0.00000007 0.00000011 0.00000017 0.00000020 0.00000025 0.00000025 0.00000029 0.00000025 0.00000025 0.00000020 0.00000017 0.00000012 0.00000009 0.00000006 0.00000004 0.00000002 0.00000001 0.00000001 0.00000000
0.00000000 -0.00002253 -0.00005576 -0.00010510 -0.00019460 -0.00032647 -0.00054624 -0.00084190 -0.00127091 -0.00176333 -0.00232726 -0.00275427 -0.00296163 -0.00275427 -0.00232726 -0.00176333 -0.00127092 -0.00084193 -0.00054634 -0.00032671 -0.00019523 -0.00010649 -0.00005911 -0.00002946 -0.00001525 -0.00000693 -0.00000334 -0.00000137 -0.00000059 -0.00000017 0.00000001 0.00000012 0.00000022 0.00000028 0.00000039 0.00000042 0.00000050 0.00000047 0.00000050 0.00000042 0.00000039 0.00000029 0.00000024 0.00000015 0.00000011 0.00000007 0.00000004 0.00000002 0.00000001 0.00000000
0.00000000 -0.00003076 -0.00007126 -0.00014292 -0.00025159 -0.00044309 -0.00071657 -0.00114772 -0.00169995 -0.00243859 -0.00319558 -0.00389406 -0.00414738 -0.00389406 -0.00319558 -0.00243860 -0.00169996 -0.00114777 -0.00071669 -0.00044343 -0.00025236 -0.00014487 -0.00007543 -0.00004035 -0.00001921 -0.00000959 -0.00000415 -0.00000191 -0.00000070 -0.00000021 0.00000005 0.00000023 0.00000035 0.00000052 0.00000060 0.00000076 0.00000077 0.00000086 0.00000077 0.00000076 0.00000060 0.00000052 0.00000036 0.00000028 0.00000017 0.00000012 0.00000007 0.00000004 0.00000002 0.00000000
0.00000000 -0.00003655 -0.00009062 -0.00017149 -0.00031896 -0.00053922 -0.00091041 -0.00142327 -0.00218620 -0.00310926 -0.00421878 -0.00514514 -0.00561486 -0.00514514 -0.00421878 -0.00310927 -0.00218622 -0.00142333 -0.00091057 -0.00053960 -0.00031997 -0.00017373 -0.00009602 -0.00004775 -0.00002464 -0.00001119 -0.00000537 -0.00000218 -0.00000089 -0.00000020 0.00000015 0.00000037 0.00000062 0.00000078 0.00000105 0.00000114 0.00000135 0.00000129 0.00000135 0.00000114 0.00000105 0.00000078 0.00000064 0.00000042 0.00000031 0.00000018 0.00000012 0.00000006 0.00000003 0.00000000
0.00000000 -0.00004444 -0.00010327 -0.00020781 -0.00036813 -0.00065307 -0.00106884 -0.00173748 -0.00263241 -0.00388435 -0.00528776 -0.00669495 -0.00731718 -0.00669495 -0.00528776 -0.00388436 -0.00263244 -0.00173755 -0.00106901 -0.00065356 -0.00036924 -0.00021061 -0.00010926 -0.00005823 -0.00002766 -0.00001377 -0.00000594 -0.00000269 -0.00000093 -0.00000017 0.00000028 0.00000066 0.00000092 0.00000134 0.00000156 0.00000196 0.00000200 0.00000222 0.00000200 0.00000196 0.00000156 0.00000135 0.00000095 0.00000073 0.00000045 0.00000031 0.00000017 0.00000010 0.00000004 0.00000000
0.00000000 -0.00004874 -0.00012107 -0.00023019 -0.00043038 -0.00073422 -0.00125356 -0.00199511 -0.00313703 -0.00462156 -0.00655525 -0.00844101 -0.00955114 -0.00844101 -0.00655526 -0.00462157 -0.00313706 -0.00199518 -0.00125377 -0.00073473 -0.00043172 -0.00023316 -0.00012823 -0.00006360 -0.00003272 -0.00001482 -0.00000707 -0.00000281 -0.00000104 -0.00000005 0.00000056 0.00000099 0.00000158 0.00000196 0.00000263 0.00000287 0.00000339 0.00000326 0.00000339 0.00000288 0.00000264 0.00000197 0.00000161 0.00000106 0.00000077 0.00000045 0.00000029 0.00000015 0.00000007 0.00000000
0.00000000 -0.00005565 -0.00012967 -0.00026181 -0.00046672 -0.00083426 -0.00138272 -0.00228536 -0.00355599 -0.00544458 -0.00783473 -0.01062308 -0.01234016 -0.01062308 -0.00783473 -0.00544460 -0.00355602 -0.00228545 -0.00138294 -0.00083486 -0.00046809 -0.00026528 -0.00013712 -0.00007282 -0.00003452 -0.00001711 -0.00000733 -0.00000321 -0.00000095 0.00000016 0.00000089 0.00000169 0.00000229 0.00000327 0.00000382 0.00000477 0.00000492 0.00000542 0.00000492 0.00000478 0.00000382 0.00000328 0.00000231 0.00000177 0.00000111 0.00000076 0.00000042 0.00000025 0.00000010 0.00000000
0.00000000 -0.00005796 -0.00014420 -0.00027523 -0.00051698 -0.00088907 -0.00153379 -0.00248361 -0.00400264 -0.00614222 -0.00926073 -0.01307297 -0.01625978 -0.01307297 -0.00926073 -0.00614223 -0.00400267 -0.00248370 -0.00153404 -0.00088967 -0.00051856 -0.00027873 -0.00015265 -0.00007554 -0.00003874 -0.00001750 -0.00000825 -0.00000314 -0.00000088 0.00000048 0.00000157 0.00000244 0.00000376 0.00000469 0.00000624 0.00000688 0.00000804 0.00000782 0.00000804 0.00000688 0.00000625 0.00000470 0.00000379 0.00000252 0.00000182 0.00000107 0.00000069 0.00000034 0.00000016 0.00000000
0.00000000 -0.00006319 -0.00014752 -0.00029856 -0.00053465 -0.00096117 -0.00160857 -0.00269540 -0.00429415 -0.00682774 -0.01051330 -0.01596351 -0.02177281 -0.01596351 -0.01051331 -0.00682775 -0.00429418 -0.00269550 -0.00160882 -0.00096185 -0.00053620 -0.00030248 -0.00015594 -0.00008259 -0.00003908 -0.00001928 -0.00000813 -0.00000332 -0.00000058 0.00000107 0.00000231 0.00000398 0.00000533 0.00000756 0.00000889 0.00001106 0.00001150 0.00001256 0.00001150 0.00001106 0.00000890 0.00000757 0.00000537 0.00000407 0.00000255 0.00000174 0.00000096 0.00000056 0.00000022 0.00000000
0.00000000 -0.00006312 -0.00015719 -0.00030063 -0.00056617 -0.00097804 -0.00169786 -0.00277920 -0.00455708 -0.00722527 -0.01160183 -0.01876429 -0.03049686 -0.01876429 -0.01160183 -0.00722528 -0.00455712 -0.00277930 -0.00169814 -0.00097869 -0.00056788 -0.00030443 -0.00016636 -0.00008220 -0.00004206 -0.00001890 -0.00000871 -0.00000299 -0.00000016 0.00000176 0.00000380 0.00000559 0.00000848 0.00001065 0.00001409 0.00001567 0.00001820 0.00001784 0.00001820 0.00001567 0.00001409 0.00001066 0.00000852 0.00000568 0.00000407 0.00000240 0.00000153 0.00000077 0.00000036 0.00000000
0.00000000 -0.00006616 -0.00015451 -0.00031296 -0.00056110 -0.00101064 -0.00169678 -0.00285798 -0.00459744 -0.00744816 -0.01199387 -0.02073109 -0.04508720 -0.02073109 -0.01199388 -0.00744817 -0.00459747 -0.00285809 -0.00169703 -0.00101135 -0.00056272 -0.00031704 -0.00016330 -0.00008642 -0.00004081 -0.00001998 -0.00000817 -0.00000280 0.00000049 0.00000308 0.00000534 0.00000879 0.00001180 0.00001662 0.00001974 0.00002442 0.00002562 0.00002780 0.00002562 0.00002442 0.00001974 0.00001663 0.00001183 0.00000889 0.00000559 0.00000377 0.00000208 0.00000122 0.00000049 0.00000000
0.00000000 -0.00006364 -0.00015846 -0.00030285 -0.00057016 -0.00098409 -0.00170742 -0.00279220 -0.00457527 -0.00724730 -0.01162891 -0.01879318 -0.03052787 -0.01879318 -0.01162891 -0.00724732 -0.00457531 -0.00279230 -0.00170770 -0.00098474 -0.00057188 -0.00030668 -0.00016769 -0.00008282 -0.00004231 -0.00001881 -0.00000827 -0.00000210 0.00000155 0.00000447 0.00000835 0.00001209 0.00001815 0.00002301 0.00003031 0.00003404 0.00003934 0.00003885 0.00003934 0.00003404 0.00003032 0.00002302 0.00001819 0.00001218 0.00000862 0.00000511 0.00000323 0.00000163 0.00000076 0.00000000
0.00000000 -0.00006433 -0.00015002 -0.00030348 -0.00054256 -0.00097447 -0.00162771 -0.00272389 -0.00433086 -0.00687594 -0.01056828 -0.01602665 -0.02183587 -0.01602665 -0.01056828 -0.00687595 -0.00433090 -0.00272399 -0.00162795 -0.00097516 -0.00054414 -0.00030746 -0.00015855 -0.00008400 -0.00003955 -0.00001909 -0.00000726 -0.00000134 0.00000279 0.00000710 0.00001140 0.00001835 0.00002480 0.00003481 0.00004178 0.00005150 0.00005451 0.00005880 0.00005451 0.00005150 0.00004178 0.00003482 0.00002484 0.00001845 0.00001163 0.00000776 0.00000431 0.00000249 0.00000100 0.00000000
0.00000000 -0.00005969 -0.00014846 -0.00028271 -0.00053041 -0.00090952 -0.00156615 -0.00252789 -0.00406464 -0.00621775 -0.00935356 -0.01317241 -0.01636630 -0.01317241 -0.00935357 -0.00621776 -0.00406467 -0.00252797 -0.00156641 -0.00091013 -0.00053203 -0.00028630 -0.00015711 -0.00007764 -0.00003955 -0.00001721 -0.00000674 -0.00000014 0.00000493 0.00000973 0.00001712 0.00002474 0.00003698 0.00004737 0.00006228 0.00007064 0.00008134 0.00008090 0.00008134 0.00007064 0.00006229 0.00004738 0.00003701 0.00002482 0.00001736 0.00001031 0.00000646 0.00000327 0.00000151 0.00000000
0.00000000 -0.00005833 -0.00013554 -0.00027335 -0.00048541 -0.00086570 -0.00142831 -0.00235336 -0.00364433 -0.00556069 -0.00796809 -0.01077613 -0.01249368 -0.01077613 -0.00796810 -0.00556070 -0.00364436 -0.00235345 -0.00142854 -0.00086632 -0.00048683 -0.00027695 -0.00014325 -0.00007609 -0.00003562 -0.00001666 -0.00000525 0.00000150 0.00000712 0.00001460 0.00002279 0.00003635 0.00004961 0.00006956 0.00008443 0.00010389 0.00011095 0.00011908 0.00011095 0.00010389 0.00008443 0.00006957 0.00004964 0.00003644 0.00002299 0.00001517 0.00000844 0.00000483 0.00000195 0.00000000
0.00000000 -0.00005224 -0.00012971 -0.00024544 -0.00045777 -0.00077630 -0.00132030 -0.00208735 -0.00326651 -0.00478086 -0.00675123 -0.00865247 -0.00977702 -0.00865247 -0.00675124 -0.00478087 -0.00326654 -0.00208743 -0.00132052 -0.00077684 -0.00045919 -0.00024857 -0.00013725 -0.00006786 -0.00003433 -0.00001421 -0.00000395 0.00000342 0.00001099 0.00001928 0.00003306 0.00004804 0.00007176 0.00009303 0.00012234 0.00014025 0.00016109 0.00016133 0.00016109 0.00014025 0.00012235 0.00009303 0.00007179 0.00004811 0.00003326 0.00001975 0.00001224 0.00000621 0.00000284 0.00000000
0.00000000 -0.00004944 -0.00011430 -0.00022952 -0.00040359 -0.00071285 -0.00115651 -0.00186868 -0.00280489 -0.00411172 -0.00555165 -0.00699775 -0.00762264 -0.00699775 -0.00555166 -0.00411173 -0.00280492 -0.00186876 -0.00115670 -0.00071338 -0.00040479 -0.00023255 -0.00012077 -0.00006431 -0.00002969 -0.00001285 -0.00000193 0.00000634 0.00001467 0.00002772 0.00004303 0.00006845 0.00009453 0.00013275 0.00016311 0.00020075 0.00021639 0.00023130 0.00021639 0.00020075 0.00016311 0.00013276 0.00009455 0.00006851 0.00004318 0.00002815 0.00001566 0.00000888 0.00000360 0.00000000
0.00000000 -0.00004279 -0.00010598 -0.00019888 -0.00036823 -0.00061580 -0.00103233 -0.00159399 -0.00242694 -0.00340930 -0.00458897 -0.00554832 -0.00604441 -0.00554833 -0.00458897 -0.00340931 -0.00242697 -0.00159406 -0.00103251 -0.00061623 -0.00036938 -0.00020140 -0.00011206 -0.00005531 -0.00002745 -0.00001001 0.00000033 0.00000924 0.00002114 0.00003559 0.00006042 0.00008869 0.00013279 0.00017444 0.00023000 0.00026676 0.00030618 0.00030872 0.00030618 0.00026676 0.00023000 0.00017444 0.00013280 0.00008874 0.00006055 0.00003591 0.00002200 0.00001118 0.00000507 0.00000000
0.00000000 -0.00003928 -0.00009023 -0.00018028 -0.00031333 -0.00054755 -0.00087185 -0.00138138 -0.00201164 -0.00285177 -0.00368135 -0.00445230 -0.00471421 -0.00445230 -0.00368136 -0.00285178 -0.00201166 -0.00138144 -0.00087200 -0.00054795 -0.00031425 -0.00018262 -0.00009520 -0.00005067 -0.00002260 -0.00000790 0.00000294 0.00001396 0.00002698 0.00004935 0.00007695 0.00012261 0.00017165 0.00024209 0.00030158 0.00037214 0.00040518 0.00043177 0.00040518 0.00037214 0.00030159 0.00024209 0.00017166 0.00012265 0.00007704 0.00004959 0.00002756 0.00001547 0.00000628 0.00000000
0.00000000 -0.00003286 -0.00008122 -0.00015094 -0.00027735 -0.00045677 -0.00075488 -0.00113858 -0.00169240 -0.00229689 -0.00298935 -0.00348353 -0.00373725 -0.00348353 -0.00298935 -0.00229689 -0.00169242 -0.00113863 -0.00075502 -0.00045709 -0.00027819 -0.00015279 -0.00008565 -0.00004193 -0.00001977 -0.00000483 0.00000636 0.00001818 0.00003712 0.00006179 0.00010471 0.00015569 0.00023429 0.00031247 0.00041423 0.00048690 0.00055957 0.00056811 0.00055958 0.00048690 0.00041423 0.00031247 0.00023430 0.00015570 0.00010476 0.00006192 0.00003748 0.00001903 0.00000855 0.00000000
0.00000000 -0.00002932 -0.00006686 -0.00013293 -0.00022812 -0.00039455 -0.00061652 -0.00095986 -0.00136048 -0.00187955 -0.00234690 -0.00277012 -0.00288715 -0.00277012 -0.00234691 -0.00187956 -0.00136050 -0.00095991 -0.00061662 -0.00039484 -0.00022876 -0.00013454 -0.00007024 -0.00003703 -0.00001514 -0.00000201 0.00000964 0.00002524 0.00004584 0.00008285 0.00013047 0.00020892 0.00029704 0.00042200 0.00053414 0.00066282 0.00073000 0.00077646 0.00073000 0.00066282 0.00053414 0.00042199 0.00029704 0.00020892 0.00013047 0.00008286 0.00004591 0.00002550 0.00001035 0.00000000
0.00000000 -0.00002373 -0.00005853 -0.00010765 -0.00019639 -0.00031846 -0.00051962 -0.00076683 -0.00111786 -0.00147515 -0.00187648 -0.00213326 -0.00227369 -0.00213326 -0.00187649 -0.00147516 -0.00111787 -0.00076686 -0.00051971 -0.00031866 -0.00019693 -0.00010881 -0.00006129 -0.00002931 -0.00001203 0.00000117 0.00001444 0.00003106 0.00006071 0.00010125 0.00017213 0.00025974 0.00039406 0.00053472 0.00071523 0.00085412 0.00098568 0.00100803 0.00098568 0.00085412 0.00071523 0.00053472 0.00039405 0.00025972 0.00017208 0.00010115 0.00006048 0.00003065 0.00001366 0.00000000
0.00000000 -0.00002061 -0.00004661 -0.00009229 -0.00015634 -0.00026795 -0.00041122 -0.00063101 -0.00087367 -0.00118434 -0.00144220 -0.00167804 -0.00173044 -0.00167804 -0.00144220 -0.00118434 -0.00087368 -0.00063104 -0.00041128 -0.00026811 -0.00015670 -0.00009318 -0.00004846 -0.00002472 -0.00000789 0.00000468 0.00001842 0.00004093 0.00007286 0.00013143 0.00020962 0.00033832 0.00048949 0.00070298 0.00090673 0.00113607 0.00126867 0.00134912 0.00126867 0.00113607 0.00090672 0.00070298 0.00048948 0.00033828 0.00020953 0.00013118 0.00007234 0.00003975 0.00001614 0.00000000
0.00000000 -0.00001614 -0.00003975 -0.00007234 -0.00013118 -0.00020953 -0.00033828 -0.00048948 -0.00070298 -0.00090672 -0.00113607 -0.00126867 -0.00134912 -0.00126867 -0.00113607 -0.00090673 -0.00070298 -0.00048949 -0.00033832 -0.00020962 -0.00013143 -0.00007286 -0.00004093 -0.00001842 -0.00000468 0.00000789 0.00002472 0.00004846 0.00009318 0.00015670 0.00026811 0.00041128 0.00063104 0.00087368 0.00118434 0.00144220 0.00167804 0.00173044 0.00167804 0.00144220 0.00118434 0.00087367 0.00063101 0.00041122 0.00026795 0.00015634 0.00009229 0.00004661 0.00002061 0.00000000
0.00000000 -0.00001366 -0.00003065 -0.00006048 -0.00010115 -0.00017208 -0.00025972 -0.00039405 -0.00053472 -0.00071523 -0.00085412 -0.00098568 -0.00100803 -0.00098568 -0.00085412 -0.00071523 -0.00053472 -0.00039406 -0.00025974 -0.00017213 -0.00010125 -0.00006071 -0.00003106 -0.00001444 -0.00000117 0.00001203 0.00002931 0.00006129 0.00010881 0.00019693 0.00031866 0.00051971 0.00076686 0.00111787 0.00147516 0.00187649 0.00213326 0.00227369 0.00213326 0.00187648 0.00147515 0.00111786 0.00076683 0.00051962 0.00031846 0.00019639 0.00010765 0.00005853 0.00002373 0.00000000
0.00000000 -0.00001035 -0.00002550 -0.00004591 -0.00008286 -0.00013047 -0.00020892 -0.00029704 -0.00042199 -0.00053414 -0.00066282 -0.00073000 -0.00077646 -0.00073000 -0.00066282 -0.00053414 -0.00042200 -0.00029704 -0.00020892 -0.00013047 -0.00008285 -0.00004584 -0.00002524 -0.00000964 0.00000201 0.00001514 0.00003703 0.00007024 0.00013454 0.00022876 0.00039484 0.00061662 0.00095991 0.00136050 0.00187956 0.00234691 0.00277012 0.00288715 0.00277012 0.00234690 0.00187955 0.00136048 0.00095986 0.00061652 0.00039455 0.00022812 0.00013293 0.00006686 0.00002932 0.00000000
0.00000000 -0.00000855 -0.00001903 -0.00003748 -0.00006192 -0.00010476 -0.00015570 -0.00023430 -0.00031247 -0.00041423 -0.00048690 -0.00055958 -0.00056811 -0.00055957 -0.00048690 -0.00041423 -0.00031247 -0.00023429 -0.00015569 -0.00010471 -0.00006179 -0.00003712 -0.00001818 -0.00000636 0.00000483 0.00001977 0.00004193 0.00008565 0.00015279 0.00027819 0.00045709 0.00075502 0.00113863 0.00169242 0.00229689 0.00298935 0.00348353 0.00373725 0.00348353 0.00298935 0.00229689 0.00169240 0.00113858 0.00075488 0.00045677 0.00027735 0.00015094 0.00008122 0.00003286 0.00000000
0.00000000 -0.00000628 -0.00001547 -0.00002756 -0.00004959 -0.00007704 -0.00012265 -0.00017166 -0.00024209 -0.00030159 -0.00037214 -0.00040518 -0.00043177 -0.00040518 -0.00037214 -0.00030158 -0.00024209 -0.00017165 -0.00012261 -0.00007695 -0.00004935 -0.00002698 -0.00001396 -0.00000294 0.00000790 0.00002260 0.00005067 0.00009520 0.00018262 0.00031425 0.00054795 0.00087200 0.00138144 0.00201166 0.00285178 0.00368136 0.00445230 0.00471421 0.00445230 0.00368135 0.00285177 0.00201164 0.00138138 0.00087185 0.00054755 0.00031333 0.00018028 0.00009023 0.00003928 0.00000000
0.00000000 -0.00000507 -0.00001118 -0.00002200 -0.00003591 -0.00006055 -0.00008874 -0.00013280 -0.00017444 -0.00023000 -0.00026676 -0.00030618 -0.00030872 -0.00030618 -0.00026676 -0.00023000 -0.00017444 -0.00013279 -0.00008869 -0.00006042 -0.00003559 -0.00002114 -0.00000924 -0.00000033 0.00001001 0.00002745 0.00005531 0.00011206 0.00020140 0.00036938 0.00061623 0.00103251 0.00159406 0.00242697 0.00340931 0.00458897 0.00554833 0.00604441 0.00554832 0.00458897 0.00340930 0.00242694 0.00159399 0.00103233 0.00061580 0.00036823 0.00019888 0.00010598 0.00004279 0.00000000
0.00000000 -0.00000360 -0.00000888 -0.00001566 -0.00002815 -0.00004318 -0.00006851 -0.00009455 -0.00013276 -0.00016311 -0.00020075 -0.00021639 -0.00023130 -0.00021639 -0.00020075 -0.00016311 -0.00013275 -0.00009453 -0.00006845 -0.00004303 -0.00002772 -0.00001467 -0.00000634 0.00000193 0.00001285 0.00002969 0.00006431 0.00012077 0.00023255 0.00040479 0.00071338 0.00115670 0.00186876 0.00280492 0.00411173 0.00555166 0.00699775 0.00762264 0.00699775 0.00555165 0.00411172 0.00280489 0.00186868 0.00115651 0.00071285 0.00040359 0.00022952 0.00011430 0.00004944 0.00000000
0.00000000 -0.00000284 -0.00000621 -0.00001224 -0.00001975 -0.00003326 -0.00004811 -0.00007179 -0.00009303 -0.00012235 -0.00014025 -0.00016109 -0.00016133 -0.00016109 -0.00014025 -0.00012234 -0.00009303 -0.00007176 -0.00004804 -0.00003306 -0.00001928 -0.00001099 -0.00000342 0.00000395 0.00001421 0.00003433 0.00006786 0.00013725 0.00024857 0.00045919 0.00077684 0.00132052 0.00208743 0.00326654 0.00478087 0.00675124 0.00865247 0.00977702 0.00865247 0.00675123 0.00478086 0.00326651 0.00208735 0.00132030 0.00077630 0.00045777 0.00024544 0.00012971 0.00005224 0.00000000
0.00000000 -0.00000195 -0.00000483 -0.00000844 -0.00001517 -0.00002299 -0.00003644 -0.00004964 -0.00006957 -0.00008443 -0.00010389 -0.00011095 -0.00011908 -0.00011095 -0.00010389 -0.00008443 -0.00006956 -0.00004961 -0.00003635 -0.00002279 -0.00001460 -0.00000712 -0.00000150 0.00000525 0.00001666 0.00003562 0.00007609 0.00014325 0.00027695 0.00048683 0.00086632 0.00142854 0.00235345 0.00364436 0.00556070 0.00796810 0.01077613 0.01249368 0.01077613 0.00796809 0.00556069 0.00364433 0.00235336 0.00142831 0.00086570 0.00048541 0.00027335 0.00013554 0.00005833 0.00000000
0.00000000 -0.00000151 -0.00000327 -0.00000646 -0.00001031 -0.00001736 -0.00002482 -0.00003701 -0.00004738 -0.00006229 -0.00007064 -0.00008134 -0.00008090 -0.00008134 -0.00007064 -0.00006228 -0.00004737 -0.00003698 -0.00002474 -0.00001712 -0.00000973 -0.00000493 0.00000014 0.00000674 0.00001721 0.00003955 0.00007764 0.00015711 0.00028630 0.00053203 0.00091013 0.00156641 0.00252797 0.00406467 0.00621776 0.00935357 0.01317241 0.01636630 0.01317241 0.00935356 0.00621775 0.00406464 0.00252789 0.00156615 0.00090952 0.00053041 0.00028271 0.00014846 0.00005969 0.00000000
0.00000000 -0.00000100 -0.00000249 -0.00000431 -0.00000776 -0.00001163 -0.00001845 -0.00002484 -0.00003482 -0.00004178 -0.00005150 -0.00005451 -0.00005880 -0.00005451 -0.00005150 -0.00004178 -0.00003481 -0.00002480 -0.00001835 -0.00001140 -0.00000710 -0.00000279 0.00000134 0.00000726 0.00001909 0.00003955 0.00008400 0.00015855 0.00030746 0.00054414 0.00097516 0.00162795 0.00272399 0.00433090 0.00687595 0.01056828 0.01602665 0.02183587 0.01602665 0.01056828 0.00687594 0.00433086 0.00272389 0.00162771 0.00097447 0.00054256 0.00030348 0.00015002 0.00006433 0.00000000
0.00000000 -0.00000076 -0.00000163 -0.00000323 -0.00000511 -0.00000862 -0.00001218 -0.00001819 -0.00002302 -0.00003032 -0.00003404 -0.00003934 -0.00003885 -0.00003934 -0.00003404 -0.00003031 -0.00002301 -0.00001815 -0.00001209 -0.00000835 -0.00000447 -0.00000155 0.00000210 0.00000827 0.00001881 0.00004231 0.00008282 0.00016769 0.00030668 0.00057188 0.00098474 0.00170770 0.00279230 0.00457531 0.00724732 0.01162891 0.01879318 0.03052787 0.01879318 0.01162891 0.00724730 0.00457527 0.00279220 0.00170742 0.00098409 0.00057016 0.00030285 0.00015846 0.00006364 0.00000000
0.00000000 -0.00000049 -0.00000122 -0.00000208 -0.00000377 -0.00000559 -0.00000889 -0.00001183 -0.00001663 -0.00001974 -0.00002442 -0.00002562 -0.00002780 -0.00002562 -0.00002442 -0.00001974 -0.00001662 -0.00001180 -0.00000879 -0.00000534 -0.00000308 -0.00000049 0.00000280 0.00000817 0.00001998 0.00004081 0.00008642 0.00016330 0.00031704 0.00056272 0.00101135 0.00169703 0.00285809 0.00459747 0.00744817 0.01199388 0.02073109 0.04508720 0.02073109 0.01199387 0.00744816 0.00459744 0.00285798 0.00169678 0.00101064 0.00056110 0.00031296 0.00015451 0.00006616 0.00000000
0.00000000 -0.00000036 -0.00000077 -0.00000153 -0.00000240 -0.00000407 -0.00000568 -0.00000852 -0.00001066 -0.00001409 -0.00001567 -0.00001820 -0.00001784 -0.00001820 -0.00001567 -0.00001409 -0.00001065 -0.00000848 -0.00000559 -0.00000380 -0.00000176 0.00000016 0.00000299 0.00000871 0.00001890 0.00004206 0.00008220 0.00016636 0.00030443 0.00056788 0.00097869 0.00169814 0.00277930 0.00455712 0.00722528 0.01160183 0.01876429 0.03049686 0.01876429 0.01160183 0.00722527 0.00455708 0.00277920 0.00169786 0.00097804 0.00056617 0.00030063 0.00015719 0.00006312 0.00000000
0.00000000 -0.00000022 -0.00000056 -0.00000096 -0.00000174 -0.00000255 -0.00000407 -0.00000537 -0.00000757 -0.00000890 -0.00001106 -0.00001150 -0.00001256 -0.00001150 -0.00001106 -0.00000889 -0.00000756 -0.00000533 -0.00000398 -0.00000231 -0.00000107 0.00000058 0.00000332 0.00000813 0.00001928 0.00003908 0.00008259 0.00015594 0.00030248 0.00053620 0.00096185 0.00160882 0.00269550 0.00429418 0.00682775 0.01051331 0.01596351 0.02177281 0.01596351 0.01051330 0.00682774 0.00429415 0.00269540 0.00160857 0.00096117 0.00053465 0.00029856 0.00014752 0.00006319 0.00000000
0.00000000 -0.00000016 -0.00000034 -0.00000069 -0.00000107 -0.00000182 -0.00000252 -0.00000379 -0.00000470 -0.00000625 -0.00000688 -0.00000804 -0.00000782 -0.00000804 -0.00000688 -0.00000624 -0.00000469 -0.00000376 -0.00000244 -0.00000157 -0.00000048 0.00000088 0.00000314 0.00000825 0.00001750 0.00003874 0.00007554 0.00015265 0.00027873 0.00051856 0.00088967 0.00153404 0.00248370 0.00400267 0.00614223 0.00926073 0.01307297 0.01625978 0.01307297 0.00926073 0.00614222 0.00400264 0.00248361 0.00153379 0.00088907 0.00051698 0.00027523 0.00014420 0.00005796 0.00000000
0.00000000 -0.00000010 -0.00000025 -0.00000042 -0.00000076 -0.00000111 -0.00000177 -0.00000231 -0.00000328 -0.00000382 -0.00000478 -0.00000492 -0.00000542 -0.00000492 -0.00000477 -0.00000382 -0.00000327 -0.00000229 -0.00000169 -0.00000089 -0.00000016 0.00000095 0.00000321 0.00000733 0.00001711 0.00003452 0.00007282 0.00013712 0.00026528 0.00046809 0.00083486 0.00138294 0.00228545 0.00355602 0.00544460 0.00783473 0.01062308 0.01234016 0.01062308 0.00783473 0.00544458 0.00355599 0.00228536 0.00138272 0.00083426 0.00046672 0.00026181 0.00012967 0.00005565 0.00000000
0.00000000 -0.00000007 -0.00000015 -0.00000029 -0.00000045 -0.00000077 -0.00000106 -0.00000161 -0.00000197 -0.00000264 -0.00000288 -0.00000339 -0.00000326 -0.00000339 -0.00000287 -0.00000263 -0.00000196 -0.00000158 -0.00000099 -0.00000056 0.00000005 0.00000104 0.00000281 0.00000707 0.00001482 0.00003272 0.00006360 0.00012823 0.00023316 0.00043172 0.00073473 0.00125377 0.00199518 0.00313706 0.00462157 0.00655526 0.00844101 0.00955114 0.00844101 0.00655525 0.00462156 0.00313703 0.00199511 0.00125356 0.00073422 0.00043038 0.00023019 0.00012107 0.00004874 0.00000000
0.00000000 -0.00000004 -0.00000010 -0.00000017 -0.00000031 -0.00000045 -0.00000073 -0.00000095 -0.00000135 -0.00000156 -0.00000196 -0.00000200 -0.00000222 -0.00000200 -0.00000196 -0.00000156 -0.00000134 -0.00000092 -0.00000066 -0.00000028 0.00000017 0.00000093 0.00000269 0.00000594 0.00001377 0.00002766 0.00005823 0.00010926 0.00021061 0.00036924 0.00065356 0.00106901 0.00173755 0.00263244 0.00388436 0.00528776 0.00669495 0.00731718 0.00669495 0.00528776 0.00388435 0.00263241 0.00173748 0.00106884 0.00065307 0.00036813 0.00020781 0.00010327 0.00004444 0.00000000
0.00000000 -0.00000003 -0.00000006 -0.00000012 -0.00000018 -0.00000031 -0.00000042 -0.00000064 -0.00000078 -0.00000105 -0.00000114 -0.00000135 -0.00000129 -0.00000135 -0.00000114 -0.00000105 -0.00000078 -0.00000062 -0.00000037 -0.00000015 0.00000020 0.00000089 0.00000218 0.00000537 0.00001119 0.00002464 0.00004775 0.00009602 0.00017373 0.00031997 0.00053960 0.00091057 0.00142333 0.00218622 0.00310927 0.00421878 0.00514514 0.00561486 0.00514514 0.00421878 0.00310926 0.00218620 0.00142327 0.00091041 0.00053922 0.00031896 0.00017149 0.00009062 0.00003655 0.00000000
0.00000000 -0.00000002 -0.00000004 -0.00000007 -0.00000012 -0.00000017 -0.00000028 -0.00000036 -0.00000052 -0.00000060 -0.00000076 -0.00000077 -0.00000086 -0.00000077 -0.00000076 -0.00000060 -0.00000052 -0.00000035 -0.00000023 -0.00000005 0.00000021 0.00000070 0.00000191 0.00000415 0.00000959 0.00001921 0.00004035 0.00007543 0.00014487 0.00025236 0.00044343 0.00071669 0.00114777 0.00169996 0.00243860 0.00319558 0.00389406 0.00414738 0.00389406 0.00319558 0.00243859 0.00169995 0.00114772 0.00071657 0.00044309 0.00025159 0.00014292 0.00007126 0.00003076 0.00000000
0.00000000 -0.00000001 -0.00000002 -0.00000004 -0.00000007 -0.00000011 -0.00000015 -0.00000024 -0.00000029 -0.00000039 -0.00000042 -0.00000050 -0.00000047 -0.00000050 -0.00000042 -0.00000039 -0.00000028 -0.00000022 -0.00000012 -0.00000001 0.00000017 0.00000059 0.00000137 0.00000334 0.00000693 0.00001525 0.00002946 0.00005911 0.00010649 0.00019523 0.00032671 0.00054634 0.00084193 0.00127092 0.00176333 0.00232726 0.00275427 0.00296163 0.00275427 0.00232726 0.00176333 0.00127091 0.00084190 0.00054624 0.00032647 0.00019460 0.00010510 0.00005576 0.00002253 0.00000000
0.00000000 -0.00000001 -0.00000001 -0.00000002 -0.00000004 -0.00000006 -0.00000009 -0.00000012 -0.00000017 -0.00000020 -0.00000025 -0.00000025 -0.00000029 -0.00000025 -0.00000025 -0.00000020 -0.00000017 -0.00000011 -0.00000007 0.00000000 0.00000013 0.00000037 0.00000098 0.00000213 0.00000491 0.00000981 0.00002058 0.00003836 0.00007349 0.00012743 0.00022275 0.00035700 0.00056606 0.00082603 0.00116468 0.00149317 0.00178489 0.00187955 0.00178489 0.00149317 0.00116468 0.00082602 0.00056603 0.00035694 0.00022257 0.00012703 0.00007249 0.00003623 0.00001567 0.00000000
0.00000000 -0.00000000 -0.00000001 -0.00000001 -0.00000002 -0.00000003 -0.00000004 -0.00000006 -0.00000007 -0.00000010 -0.00000010 -0.00000012 -0.00000012 -0.00000012 -0.00000010 -0.00000010 -0.00000007 -0.00000005 -0.00000003 0.00000001 0.00000006 0.00000020 0.00000047 0.00000113 0.00000235 0.00000515 0.00000994 0.00001992 0.00003579 0.00006545 0.00010905 0.00018145 0.00027745 0.00041501 0.00056857 0.00074060 0.00086478 0.00092478 0.00086478 0.00074060 0.00056857 0.00041501 0.00027744 0.00018142 0.00010897 0.00006524 0.00003532 0.00001878 0.00000760 0.00000000
0.00000000 0.00000000 0.00000000 0.00000000 0.00000000 0.00000000 0.00000000 0.00000000 0.00000000 0.00000000 0.00000000 0.00000000 0.00000000 0.00000000 0.00000000 0.00000000 0.00000000 0.00000000 0.00000000 0.00000000 0.00000000 0.00000000 0.00000000 0.00000000 0.00000000 0.00000000 0.00000000 0.00000000 0.00000000 0.00000000 0.00000000 0.00000000 0.00000000 0.00000000 0.00000000 0.00000000 0.00000000 0.00000000 0.00000000 0.00000000 0.00000000 0.00000000 0.00000000 0.00000000 0.00000000 0.00000000 0.00000000 0.00000000 0.00000000 0.00000000
