2.77501411
2.81860393
2.86219375
2.90578357
2.94937339
2.99296321
3.03655303
3.08014285
3.12373267
3.16732249
3.21091231
3.25450213
3.29809195
3.34168177
3.38527159
3.42886141
3.47245123
3.51604105
3.55963087
3.60322069
3.64681051
3.69040033
3.73399015
3.77757997
3.82116979
3.86475961
3.90834943
3.95193925
3.99552907
4.03911889
4.08270871
4.12629853
4.16988835
4.21347816
4.25706798
4.30065780
4.34424762
4.38783744
4.43142726
4.47501708
4.51860690
4.56219672
4.60578654
4.64937636
4.69296618
4.73655600
4.78014582
4.82373564
4.86732546
4.91091528
4.95450509
4.99809490
5.04168470
5.08527447
5.12886415
5.17245365
5.21604272
5.25963077
5.30321645
5.34679663
5.39036412
5.43390242
5.47737380
5.52069226
5.56366213
5.60583953
5.64622005
5.68253942
5.70972375
5.71653417
5.67868075
5.54649073
5.23096356
4.62161195
3.72376910
2.83274015
2.25637999
1.99159854
1.90314957
1.89369951
1.91648220
1.95196924
1.99240748
2.03477056
2.07788235
2.12128577
2.16480290
2.20836440
2.25194321
2.29552876
2.33911694
2.38270612
2.42629570
2.46988543
2.51347521
2.55706502
2.60065484
2.64424465
2.68783447
2.73142429
2.77501411
