-0.03020652 0.12808540 0.24209283 0.30178638 0.29617841 0.21359620 0.04234456 -0.22671905 -0.59899579 -1.06936441 -1.62203361 -2.21459649 -2.79598703 -3.21364987 -3.50733430 -3.03810830 -2.77295881 -0.79950249 -0.02320218 1.79285079 0.05000000 3.99951813 6.08680327 5.90779411 5.88870783 4.79312631 3.62552176 2.31536910 1.14510205 0.16793019 -0.56580765 -1.06409707 -1.34985986 -1.46160028 -1.43791144 -1.31746484 -1.13290276 -0.91195249 -0.67614419 -0.44232560 -0.22349147
-0.03020652 0.12808540 0.24209283 0.30178638 0.29617841 0.21359620 0.04234456 -0.22671905 -0.59899579 -1.06936441 -1.62203361 -2.21459649 -2.79598703 -3.21364987 -3.50733430 -3.03810830 -2.77295881 -0.79950249 -0.02320218 1.79285079 2.63903392 3.99951813 6.08680327 5.90779411 5.88870783 4.79312631 3.62552176 2.31536910 1.14510205 0.16793019 -0.56580765 -1.06409707 -1.34985986 -1.46160028 -1.43791144 -1.31746484 -1.13290276 -0.91195249 -0.67614419 -0.44232560 -0.22349147
-0.10099204 0.08690415 0.23623781 0.33730463 0.37882689 0.34935532 0.23495658 0.02532231 -0.29162378 -0.71500920 -1.24255513 -1.84360769 -2.47525963 -3.06292868 -3.44317100 -3.62130789 -3.02274973 -2.47497821 -0.53070359 0.39472347 2.19300178 3.99536226 5.10525099 6.73532209 6.25038503 5.89024742 4.55122668 3.23748645 1.89150689 0.74403357 -0.15862703 -0.80874236 -1.21712536 -1.42636569 -1.47217010 -1.39932041 -1.24219654 -1.03356363 -0.79754772 -0.55411314 -0.31797235
-0.20874861 0.01022698 0.19909699 0.34781158 0.44613118 0.48073971 0.43988033 0.30587959 0.07003704 -0.28522344 -0.75301992 -1.33748253 -1.99578494 -2.68524592 -3.32549141 -3.69913962 -3.90121593 -3.22059415 -2.63789937 -0.82972896 0.48111300 2.56975557 4.84686078 5.98584508 7.27252973 6.69896285 5.92277048 4.48425515 3.03507912 1.68336182 0.55194514 -0.30267187 -0.90165421 -1.25863093 -1.42461244 -1.43525068 -1.33648863 -1.16101398 -0.94019176 -0.69638984 -0.44801694
-0.33997797 -0.09999152 0.12028456 0.31094458 0.46078771 0.55918065 0.58973224 0.54111652 0.39005612 0.13095464 -0.26230238 -0.77511835 -1.42245858 -2.14806543 -2.91569210 -3.62354914 -4.06357176 -4.27540747 -3.71896841 -2.96640991 -1.27303077 0.68575290 3.01558295 5.47062582 6.73089316 7.48938235 6.89149087 5.79763188 4.34036837 2.85762238 1.54336103 0.45687716 -0.34688470 -0.90029044 -1.21990567 -1.35781165 -1.34949591 -1.23884842 -1.05719907 -0.83350845 -0.58882292
-0.47390820 -0.22904600 0.00871502 0.22851918 0.42038497 0.57133914 0.67069663 0.69787687 0.64276258 0.47463222 0.19184455 -0.24276657 -0.80671013 -1.52682647 -2.33259186 -3.19111752 -3.97719467 -4.50109307 -4.70027868 -4.21794873 -3.18296889 -1.35498530 1.04534638 3.53966890 5.82255300 7.04457749 7.35698251 6.71637521 5.51598066 4.10197481 2.67846716 1.43910217 0.42392684 -0.32144774 -0.82966667 -1.11953373 -1.23903945 -1.22289426 -1.11074420 -0.93227183 -0.71342434
-0.58471261 -0.35459200 -0.11685350 0.11669490 0.33484176 0.52763517 0.67959782 0.78023558 0.80346264 0.74057860 0.55165970 0.23890095 -0.24637118 -0.87323543 -1.67584156 -2.56731256 -3.51262043 -4.35203734 -4.91230177 -5.01699593 -4.44157990 -3.11082243 -1.07077344 1.45142070 3.91420946 5.86436124 6.90099249 6.96461926 6.29082213 5.12308635 3.80193455 2.49084618 1.35527028 0.42913127 -0.25145045 -0.71392798 -0.97823423 -1.08555982 -1.06876613 -0.96221132 -0.79329292
-0.64831673 -0.45271337 -0.23384673 -0.00441095 0.22447172 0.44077670 0.63451736 0.78679359 0.88707116 0.90252363 0.82543079 0.60648706 0.25175161 -0.29499364 -0.99360503 -1.87668602 -2.84140593 -3.83726301 -4.67222707 -5.17084203 -5.10957582 -4.33578143 -2.80109506 -0.65063965 1.77317345 4.03547164 5.65920482 6.46856067 6.40573878 5.73397612 4.65963664 3.46797775 2.29637499 1.28060104 0.45302735 -0.15893608 -0.57550016 -0.81633475 -0.91503215 -0.90143343 -0.80437753
-0.64688077 -0.50405681 -0.32143628 -0.11337766 0.10834138 0.33311299 0.54746060 0.74095656 0.89039424 0.98464800 0.98401636 0.88158728 0.62153504 0.21429334 -0.39696869 -1.16374132 -2.10724806 -3.11098294 -4.09858216 -4.86308092 -5.22259935 -4.97747364 -4.01701416 -2.38624646 -0.25421426 1.97793839 3.95920354 5.28857125 5.88849978 5.75444310 5.12250878 4.16836439 3.12143700 2.09856212 1.20763956 0.48079087 -0.06171980 -0.43309114 -0.65134100 -0.74284495 -0.73350281
-0.57406888 -0.49634654 -0.36480209 -0.19315533 0.00593213 0.22109891 0.44180544 0.65247429 0.84170220 0.98182609 1.06093001 1.03433857 0.89635584 0.58964067 0.12843471 -0.53786547 -1.35543875 -2.32671124 -3.32821062 -4.25659336 -4.91107511 -5.10657532 -4.69411406 -3.59728293 -1.93963661 0.08497047 2.07778273 3.75222498 4.81538323 5.24826506 5.07947638 4.50722092 3.68052381 2.77851507 1.90095034 1.13170616 0.50210668 0.02722009 -0.30046973 -0.49628683 -0.58031665
-0.43401358 -0.42821826 -0.35632766 -0.23291604 -0.06957255 0.12224678 0.33104792 0.54586704 0.74883857 0.92742030 1.05065997 1.10624267 1.04786968 0.87094148 0.52119356 0.01400819 -0.69066828 -1.53858484 -2.51063852 -3.48231810 -4.32421739 -4.84842745 -4.87354206 -4.30614595 -3.11974504 -1.49463880 0.35705299 2.08336960 3.46478316 4.30134438 4.60563774 4.42555718 3.92032891 3.21598790 2.44977063 1.70632754 1.05024289 0.51088726 0.09995301 -0.18596568 -0.35899511
-0.24253449 -0.30643648 -0.29798736 -0.22860475 -0.11040572 0.04654489 0.23147484 0.43248815 0.63803363 0.82859702 0.99086131 1.09266850 1.12148918 1.03231245 0.81981569 0.43506564 -0.10954871 -0.84183398 -1.70951131 -2.66835543 -3.58968767 -4.31951697 -4.68771241 -4.53833480 -3.83881114 -2.61869674 -1.08384298 0.55829710 2.01967673 3.13852992 3.78840871 3.99586109 3.81790471 3.37917798 2.78545159 2.14103826 1.51680625 0.96260888 0.50487254 0.15326692 -0.09287992
-0.02079974 -0.14671793 -0.19768652 -0.18407151 -0.11475604 -0.00004395 0.15110669 0.32835351 0.51964419 0.71310764 0.88876750 1.03284035 1.11364467 1.11737444 1.00128975 0.75619134 0.33885453 -0.24331831 -1.00252768 -1.88288543 -2.80990344 -3.64770588 -4.23264963 -4.42600313 -4.11756967 -3.32744223 -2.12803253 -0.72403320 0.69591369 1.91018713 2.80302221 3.30169408 3.43700792 3.26782891 2.89070248 2.39329690 1.85504154 1.33428532 0.86991932 0.48489488 0.18765374
0.20578224 0.03261656 -0.06993032 -0.10712150 -0.08703843 -0.01660886 0.09526009 0.24064608 0.40972431 0.59085495 0.77212120 0.93392834 1.06145124 1.12369514 1.10335992 0.95951358 0.67725033 0.22078675 -0.40325398 -1.18517879 -2.05747804 -2.91903663 -3.63439378 -4.05255473 -4.07444023 -3.63994019 -2.80588390 -1.67125540 -0.42182474 0.78035475 1.77335544 2.47656187 2.85376410 2.93557373 2.77787544 2.45556563 2.04024558 1.59289270 1.16076672 0.77458983 0.45374658
0.41489401 0.21096835 0.07012326 -0.01035993 -0.03401593 -0.00717425 0.06489766 0.17456170 0.31507528 0.47726002 0.65018969 0.82155923 0.97192235 1.08388689 1.12624675 1.07663522 0.89637584 0.56727702 0.06560431 -0.59493829 -1.38000816 -2.20944686 -2.96902953 -3.53483005 -3.78389650 -3.65615466 -3.13623250 -2.30194328 -1.26326110 -0.17779989 0.82175400 1.62205898 2.16884139 2.44899726 2.49129482 2.34586680 2.07131038 1.72526276 1.35500742 0.99828027 0.67956714
0.58753812 0.37148854 0.20623312 0.09425944 0.03389304 0.02300151 0.05674006 0.13139054 0.24053380 0.37857324 0.53669209 0.70421759 0.86736593 1.00577298 1.09815727 1.11277141 1.02333539 0.79619099 0.41562065 -0.12599355 -0.80293306 -1.56056194 -2.31132734 -2.94244736 -3.34931632 -3.44362109 -3.19914110 -2.63492137 -1.83654803 -0.91224965 0.01088000 0.82867257 1.46463197 1.88400528 2.08720680 2.10067472 1.96760751 1.73430701 1.44658539 1.14139591 0.84852404
0.71254311 0.50049790 0.32603591 0.19422610 0.10766439 0.06552868 0.06693659 0.10837297 0.18747040 0.29872758 0.43714691 0.59343003 0.75608592 0.90872445 1.02932733 1.09307211 1.06909117 0.93091657 0.65330381 0.22806060 -0.33605863 -1.00119287 -1.70032173 -2.34528322 -2.83565554 -3.09036025 -3.05562226 -2.73168182 -2.15978715 -1.42364919 -0.62118411 0.14897970 0.80815819 1.30641623 1.62322652 1.76614954 1.75914351 1.63837016 1.44067260 1.20209166 0.95161155
0.78471752 0.59072507 0.41985242 0.28070734 0.17774006 0.11372760 0.08861904 0.10260294 0.15320875 0.23889635 0.35439211 0.49431674 0.64791209 0.80197122 0.93735432 1.03093100 1.05654176 0.98659747 0.79834851 0.47659675 0.02286267 -0.54038755 -1.16568704 -1.78155965 -2.30572665 -2.65685783 -2.77840677 -2.64623388 -2.27884677 -1.72836193 -1.07068200 -0.38897431 0.24244192 0.76629285 1.15110706 1.38641358 1.48295225 1.46210219 1.35351095 1.18655998 0.98938440
0.80589943 0.63947243 0.48313401 0.34687004 0.23785928 0.16014168 0.11671760 0.10815729 0.13533788 0.19629379 0.28949179 0.40904736 0.54829936 0.69461354 0.83307134 0.94293638 1.00149724 0.98394568 0.86768345 0.63596617 0.28338059 -0.17870604 -0.71762408 -1.28013194 -1.79724873 -2.19799947 -2.42271746 -2.43740982 -2.24013465 -1.86006002 -1.35143609 -0.77949680 -0.21146260 0.29798419 0.70866146 1.00159096 1.17308064 1.23472921 1.20526463 1.10863437 0.96822576
0.78212702 0.64913956 0.51467131 0.38992573 0.28304417 0.20019181 0.14512503 0.12095085 0.12853564 0.16885503 0.23978002 0.33899146 0.45946987 0.59298778 0.72550675 0.84126375 0.91963218 0.93972230 0.87987000 0.72296715 0.45915340 0.09189631 -0.35854387 -0.85306619 -1.33732796 -1.75027442 -2.03556821 -2.15417904 -2.09060140 -1.85732881 -1.48806662 -1.03352442 -0.54754769 -0.08232574 0.32274590 0.64052567 0.86029863 0.98264076 1.01874486 0.98469443 0.89963780
0.72278459 0.62507738 0.51692113 0.40939377 0.31149471 0.22998832 0.17025758 0.13574348 0.12936883 0.15185612 0.20367939 0.28204793 0.38346900 0.49986392 0.62184490 0.73496207 0.82362334 0.86857070 0.85136446 0.75425961 0.56565300 0.28287820 -0.08275454 -0.50409565 -0.93965032 -1.33860179 -1.65110307 -1.83625750 -1.87231202 -1.75734355 -1.51165732 -1.16914062 -0.77396861 -0.36917652 0.00604358 0.32388333 0.56674665 0.72925709 0.81442267 0.83241423 0.79679270
0.63831442 0.57478070 0.49434111 0.40743715 0.32293499 0.24817826 0.18883666 0.14955397 0.13329671 0.14246073 0.17725939 0.23731404 0.31906983 0.41799038 0.52545775 0.63158960 0.72235096 0.78287392 0.79577870 0.74524729 0.61788710 0.40774481 0.11922313 -0.23003743 -0.60896748 -0.97751595 -1.29188687 -1.51445541 -1.61846799 -1.59516732 -1.45150531 -1.21070714 -0.90411893 -0.56834518 -0.23686472 0.06170551 0.30815280 0.49160480 0.61003609 0.66762667 0.67329607
0.53909869 0.50636500 0.45275184 0.38753715 0.31903701 0.25440842 0.19967001 0.15952154 0.13780751 0.13685873 0.15832750 0.20179764 0.26604900 0.34701086 0.43950804 0.53489948 0.62323365 0.69119205 0.72475048 0.70859935 0.62985527 0.47995327 0.25869781 -0.02331750 -0.34429769 -0.67254777 -0.97241888 -1.20894052 -1.35594779 -1.39830168 -1.33608898 -1.18122707 -0.95667998 -0.68983107 -0.40990413 -0.14233855 0.09247096 0.28156637 0.41864579 0.50370839 0.54130655
0.43436584 0.42764817 0.39830383 0.35406181 0.30234679 0.24982050 0.20225877 0.16453878 0.14044809 0.13299815 0.14384876 0.17392021 0.22229989 0.28717501 0.36428006 0.44810893 0.53017430 0.60051037 0.64648772 0.65505820 0.61334216 0.51198531 0.34755982 0.12522853 -0.13990627 -0.42439950 -0.69875762 -0.93344467 -1.10253644 -1.18953163 -1.18798134 -1.10335773 -0.94964126 -0.74773975 -0.52058080 -0.29083938 -0.07744155 0.10539276 0.24917491 0.35060880 0.41085152
0.33156282 0.34552513 0.33678173 0.31154676 0.27602909 0.23617231 0.19729878 0.16402545 0.14022490 0.12886351 0.13220229 0.15135491 0.18669697 0.23704354 0.30021909 0.37188272 0.44622045 0.51476610 0.56748356 0.59250110 0.57820538 0.51472929 0.39678794 0.22587621 0.01143185 -0.22904652 -0.47275445 -0.69428007 -0.87072136 -0.98431714 -1.02606235 -0.99545395 -0.90075830 -0.75607673 -0.57944988 -0.38944994 -0.20327753 -0.03473797 0.10646465 0.21497979 0.28942570
0.23625262 0.26545775 0.27324803 0.26419443 0.24335169 0.21569583 0.18596203 0.15836835 0.13656850 0.12359977 0.12177755 0.13280267 0.15744187 0.19572421 0.24630315 0.30666704 0.37225667 0.43679661 0.49169313 0.52700194 0.53200138 0.49722049 0.41631599 0.28816995 0.11836134 -0.08094551 -0.29188951 -0.49399583 -0.66679851 -0.79367359 -0.86357355 -0.87289714 -0.82481849 -0.72861947 -0.59736635 -0.44604680 -0.28930737 -0.13995390 -0.00786363 0.10049526 0.18193611
0.15200639 0.19150983 0.21165701 0.21566803 0.20732719 0.19071772 0.16980542 0.14834532 0.12967131 0.11669044 0.11182257 0.11694483 0.13339930 0.16173876 0.20170274 0.25168650 0.30867799 0.36765980 0.42182327 0.46255375 0.48048826 0.46667031 0.41440911 0.32101886 0.18907031 0.02696131 -0.15204666 -0.33131904 -0.49367745 -0.62364857 -0.71002107 -0.74686841 -0.73420739 -0.67718099 -0.58496534 -0.46901301 -0.34142600 -0.21349810 -0.09460619 0.00832360 0.09110333
0.08078780 0.12624467 0.15493889 0.16880554 0.17058926 0.16339062 0.15048917 0.13504238 0.12004763 0.10818556 0.10184617 0.10304889 0.11339948 0.13398180 0.16510891 0.20611157 0.25489467 0.30775879 0.35912519 0.40184723 0.42770760 0.42859397 0.39787790 0.33193389 0.23138714 0.10157870 -0.04764970 -0.20332928 -0.35105763 -0.47727959 -0.57103258 -0.62544793 -0.63824678 -0.61166229 -0.55161821 -0.46654733 -0.36609560 -0.25981605 -0.15624757 -0.06214760 0.01773336
0.02312484 0.07104984 0.10491744 0.12570920 0.13517452 0.13561538 0.12955924 0.11965092 0.10844184 0.09839287 0.09175168 0.09058318 0.09664739 0.11132387 0.13538834 0.16874499 0.21011311 0.25670734 0.30411448 0.34636118 0.37642348 0.38706288 0.37201261 0.32724925 0.25205031 0.14962906 0.02699620 -0.10577934 -0.23700770 -0.35497859 -0.44962175 -0.51373893 -0.54373612 -0.53975346 -0.50521021 -0.44604729 -0.36964731 -0.28389070 -0.19617560 -0.11284318 -0.03868414
-0.02142585 0.02625492 0.06256399 0.08767850 0.10259954 0.10886531 0.10839891 0.10328095 0.09569411 0.08777752 0.08164713 0.07928026 0.08251546 0.09287119 0.11141279 0.13844859 0.17326717 0.21383574 0.25665700 0.29681819 0.32835853 0.34495205 0.34086333 0.31199506 0.25683769 0.17704527 0.07752061 -0.03409967 -0.14842930 -0.25561787 -0.34668830 -0.41463623 -0.45521013 -0.46714057 -0.45203534 -0.41378607 -0.35790467 -0.29062892 -0.21824084 -0.14637303 -0.07965555
-0.05404939 -0.00852445 0.02807959 0.05539877 0.07380154 0.08424706 0.08808097 0.08693577 0.08257822 0.07688703 0.07174411 0.06904389 0.07055970 0.07788826 0.09221268 0.11412148 0.14328834 0.17826661 0.21629938 0.25337885 0.28449775 0.30421335 0.30739920 0.29012471 0.25045056 0.18898104 0.10902639 0.01629835 -0.08177563 -0.17705934 -0.26174154 -0.32934664 -0.37538860 -0.39779289 -0.39683227 -0.37488896 -0.33586293 -0.28461268 -0.22626382 -0.16572204 -0.10720868
-0.07632859 -0.03421944 0.00114082 0.02899565 0.04927377 0.06244526 0.06941562 0.07138658 0.06979570 0.06621311 0.06232892 0.05985398 0.06049410 0.06578524 0.07698040 0.09478516 0.11916692 0.14908942 0.18241394 0.21587394 0.24531538 0.26610415 0.27375753 0.26464407 0.23666084 0.18973259 0.12600089 0.04968885 -0.03341480 -0.11665964 -0.19342250 -0.25786975 -0.30565012 -0.33422692 -0.34304131 -0.33330168 -0.30768770 -0.26983006 -0.22385529 -0.17387926 -0.12366493
-0.09007479 -0.05206731 -0.01898012 0.00820613 0.02909842 0.04381856 0.05289963 0.05721227 0.05787186 0.05620050 0.05364803 0.05176746 0.05210517 0.05613000 0.06504275 0.07962670 0.09999898 0.12545757 0.15432343 0.18397034 0.21096066 0.23140554 0.24144136 0.23781367 0.21843502 0.18281310 0.13227439 0.06988309 0.00013167 -0.07163813 -0.13986327 -0.19946407 -0.24636144 -0.27790063 -0.29296973 -0.29199383 -0.27667169 -0.24967287 -0.21421403 -0.17370112 -0.13137462
-0.09714765 -0.06348757 -0.03325151 -0.00753703 0.01306457 0.02841811 0.03878571 0.04475534 0.04719010 0.04716315 0.04592417 0.04482419 0.04526514 0.04857237 0.05588609 0.06796616 0.08504160 0.10661950 0.13140620 0.15727673 0.18142039 0.20059189 0.21151425 0.21133589 0.19809158 0.17107725 0.13104522 0.08021307 0.02202002 -0.03925239 -0.09902203 -0.15291338 -0.19726613 -0.22945372 -0.24810204 -0.25307796 -0.24538628 -0.22690771 -0.20012045 -0.16777317 -0.13261317
-0.09937938 -0.06996423 -0.04279325 -0.01899466 0.00072749 0.01607037 0.02709355 0.03417406 0.03795628 0.03931262 0.03928886 0.03906122 0.03985268 0.04285465 0.04908801 0.05927783 0.07368126 0.09197055 0.11312600 0.13544489 0.15662421 0.17398396 0.18476970 0.18652911 0.17748605 0.15684841 0.12500369 0.08353342 0.03508138 -0.01695905 -0.06882041 -0.11681168 -0.15769516 -0.18901977 -0.20929133 -0.21804901 -0.21578353 -0.20378940 -0.18393106 -0.15840476 -0.12949592
-0.09852981 -0.07299339 -0.04880142 -0.02705705 -0.00851441 0.00642142 0.01767117 0.02545139 0.03023870 0.03272962 0.03380128 0.03445459 0.03575518 0.03873858 0.04431318 0.05312494 0.06544100 0.08102463 0.09907449 0.11820665 0.13654165 0.15186505 0.16188086 0.16450654 0.15817721 0.14210654 0.11644806 0.08234404 0.04182177 -0.00241097 -0.04728133 -0.08967964 -0.12680168 -0.15640639 -0.17700983 -0.18795240 -0.18938618 -0.18216178 -0.16767039 -0.14764750 -0.12397980
-0.09629640 -0.07406449 -0.05251223 -0.03269330 -0.01536966 -0.00100459 0.01023237 0.01844339 0.02397637 0.02739141 0.02942053 0.03092052 0.03280758 0.03598297 0.04123284 0.04912771 0.05990805 0.07339849 0.08894260 0.10540504 0.12122946 0.13457950 0.14353519 0.14633534 0.14162430 0.12866443 0.10748306 0.07891499 0.04454814 0.00655739 -0.03252189 -0.07007406 -0.10366631 -0.13128867 -0.15151431 -0.16359204 -0.16744703 -0.16361816 -0.15313695 -0.13737816 -0.11790075
-0.09435034 -0.07466569 -0.05518813 -0.03691707 -0.02060945 -0.00675780 0.00440879 0.01291531 0.01901786 0.02317575 0.02601360 0.02827399 0.03075902 0.03425576 0.03945307 0.04684553 0.05664498 0.06870001 0.08245311 0.09693605 0.11082826 0.12256831 0.13052144 0.13317721 0.12935428 0.11838058 0.10021597 0.07550214 0.04552019 0.01207312 -0.02270361 -0.05655980 -0.08736131 -0.11328778 -0.13298816 -0.14566717 -0.15110915 -0.14963777 -0.14202893 -0.12939243 -0.11303862
-0.09427161 -0.07621516 -0.05803559 -0.04070450 -0.02497872 -0.01137660 -0.00016800 0.00861836 0.01517941 0.01991006 0.02336794 0.02622646 0.02921667 0.03305759 0.03837514 0.04561797 0.05497396 0.06630489 0.07910579 0.09250832 0.10532971 0.11617526 0.12358233 0.12619398 0.12293732 0.11318070 0.09684626 0.07445563 0.04710467 0.01636376 -0.01587545 -0.04759217 -0.07683329 -0.10189651 -0.12147163 -0.13473178 -0.14136535 -0.14155427 -0.13590725 -0.12536095 -0.11106648
-0.09669718 -0.07928572 -0.06152919 -0.04440906 -0.02870737 -0.01497548 -0.00352189 0.00558672 0.01251087 0.01761402 0.02142668 0.02460010 0.02784769 0.03187478 0.03729922 0.04456710 0.05387334 0.06509634 0.07776117 0.09104035 0.10380219 0.11470577 0.12233834 0.12537871 0.12276711 0.11385640 0.09852148 0.07720959 0.05092100 0.02112366 -0.01038899 -0.04167423 -0.07082915 -0.09616543 -0.11635174 -0.13050762 -0.13824431 -0.13965296 -0.13524853 -0.12588179 -0.11263227
-0.09669718 -0.07928572 -0.06152919 -0.04440906 -0.02870737 -0.01497548 -0.00352189 0.00558672 0.01251087 0.01761402 0.02142668 0.02460010 0.02784769 0.03187478 0.03729922 0.04456710 0.05387334 0.06509634 0.07776117 0.09104035 0.10380219 0.11470577 0.12233834 0.12537871 0.12276711 0.11385640 0.09852148 0.07720959 0.05092100 0.02112366 -0.01038899 -0.04167423 -0.07082915 -0.09616543 -0.11635174 -0.13050762 -0.13824431 -0.13965296 -0.13524853 -0.12588179 -0.11263227
