0.00000000 0.00000000 0.00000000 0.00000000 0.00000000 0.00000000 0.00000000 0.00000000 0.00000000 0.00000000 0.00000000 0.00000000 0.00000000 0.00000000 0.00000000 0.00000000 0.00000000 0.00000000 0.00000000 0.00000000 0.00000000 0.00000000 0.00000000 0.00000000 0.00000000 0.00000000 0.00000000 0.00000000 0.00000000 0.00000000 0.00000000 0.00000000 0.00000000 0.00000000 0.00000000 0.00000000 0.00000000 0.00000000 0.00000000 0.00000000 0.00000000
0.08396322 0.07257384 0.05849741 0.04156448 0.02222619 0.00033534 -0.02321102 -0.04715380 -0.07083394 -0.08820389 -0.10355337 -0.08960808 -0.10939726 0.07199600 -0.24463582 0.80684861 -1.26576376 2.09671446 -3.70589935 2.06479780 -5.31135145 1.72943056 -3.67121818 1.19336373 -1.43337400 0.15257065 -0.54515037 -0.24573974 -0.30547681 -0.20521228 -0.15951357 -0.08653440 -0.03909465 0.01067908 0.04264953 0.06970852 0.08541648 0.09538663 0.09869611 0.09753539 0.09237931
0.15335459 0.13328042 0.10714042 0.07546705 0.03772102 -0.00479861 -0.05214805 -0.10170910 -0.14986679 -0.19438374 -0.21943819 -0.23918434 -0.16664704 -0.23064299 0.32593525 -0.63625983 1.78000706 -2.94691129 2.75723998 -6.58177310 1.64726803 -7.52638954 1.88757531 -4.50537720 1.00694563 -1.58957460 -0.32612463 -0.81995918 -0.56569329 -0.52683985 -0.36618879 -0.25990745 -0.13263024 -0.04421524 0.03835106 0.09302577 0.13502518 0.15912994 0.17182788 0.17364892 0.16709080
0.19583162 0.17831187 0.15260008 0.11863052 0.07725427 0.02758396 -0.02841936 -0.09027720 -0.15478086 -0.21480469 -0.26992613 -0.28893358 -0.31867818 -0.14238218 -0.38185362 0.73738025 -1.33466671 2.48847781 -4.25077802 3.08927783 -6.54379318 2.82950897 -5.74345893 2.38554971 -2.61502380 0.48308281 -1.13463123 -0.66560717 -0.86182601 -0.69285022 -0.59260367 -0.42025686 -0.28718665 -0.14653682 -0.04156087 0.04964779 0.11367188 0.16034870 0.18854112 0.20255106 0.20437690
0.21475250 0.20719470 0.18942875 0.16226067 0.12508766 0.07913086 0.02289795 -0.04080792 -0.11186171 -0.18559231 -0.25392300 -0.31628359 -0.32663219 -0.38260656 -0.08019677 -0.57171342 1.05294136 -1.74093200 2.80859161 -3.59145800 3.75555823 -3.65728938 3.68406751 -2.03796491 2.09308876 -0.76825251 -0.00302664 -0.78676800 -0.76249081 -0.82154525 -0.70669829 -0.59066537 -0.43076617 -0.29183689 -0.15543250 -0.04570130 0.04580800 0.11400780 0.16302893 0.19458220 0.21098113
0.21042072 0.21681173 0.21149344 0.19501619 0.16824106 0.12979108 0.08151069 0.02056148 -0.04819770 -0.12735517 -0.20705067 -0.28438088 -0.35135186 -0.35528017 -0.44360718 -0.03903409 -0.68701826 1.11383122 -1.39667883 2.61782624 -1.53416478 3.38693414 -0.43059691 2.98778851 0.42302777 1.35379209 0.06140979 -0.18088336 -0.59604642 -0.71559020 -0.74418660 -0.66594060 -0.55556530 -0.41719267 -0.28375085 -0.15806177 -0.05048926 0.03797621 0.10702472 0.15724982 0.19131508
0.18566062 0.20696120 0.21572334 0.21271445 0.19775745 0.17188345 0.13253006 0.08297818 0.01757940 -0.05411423 -0.14158195 -0.22351984 -0.31187858 -0.37933337 -0.38603532 -0.48683412 -0.06979527 -0.62605316 0.87458034 -0.59747279 1.90746009 0.21204479 2.41040939 1.23585811 2.14388441 1.26842415 0.98117877 0.30862835 -0.14942078 -0.45999082 -0.61261039 -0.64272306 -0.59495568 -0.49946273 -0.38435344 -0.26356340 -0.15104730 -0.05044234 0.03291734 0.10011638 0.15026744
0.14560405 0.18104182 0.20355026 0.21392087 0.21269662 0.19884294 0.17393350 0.13350641 0.08371630 0.01380344 -0.05840460 -0.15490130 -0.23571070 -0.33837674 -0.40166539 -0.42623436 -0.50063981 -0.17433813 -0.44482172 0.50253489 0.07120757 1.25840479 1.04439564 1.81387649 1.72201696 1.75557201 1.38198413 0.87141444 0.37431911 -0.06677087 -0.33541609 -0.49408197 -0.53062511 -0.50663138 -0.43011303 -0.33669557 -0.23235682 -0.13384359 -0.04313477 0.03359130 0.09692214
0.09861738 0.14454629 0.17885050 0.20149275 0.21258170 0.21254857 0.19926458 0.17549748 0.13376691 0.08488767 0.01005071 -0.06091785 -0.16806975 -0.24611207 -0.36630121 -0.42069196 -0.47461973 -0.48997760 -0.29461205 -0.26660782 0.23782698 0.41840221 0.96722645 1.28834061 1.58895190 1.72602150 1.56999454 1.29059861 0.81162098 0.39776860 0.01012147 -0.22353412 -0.37564183 -0.41870561 -0.41113612 -0.35387033 -0.27947582 -0.19255472 -0.10802496 -0.02852545 0.04050115
0.05263288 0.10481174 0.14705886 0.17935944 0.20131958 0.21242231 0.21322604 0.20006419 0.17767810 0.13415282 0.08669430 0.00574604 -0.06378655 -0.18329131 -0.25816327 -0.39570269 -0.43664464 -0.51691818 -0.46577008 -0.36376009 -0.14653399 0.15044108 0.54812983 0.89195747 1.29530014 1.47097497 1.59427376 1.41094902 1.16081620 0.74664043 0.40182283 0.07371202 -0.12861297 -0.26615606 -0.31361810 -0.31641511 -0.27614450 -0.21793802 -0.14747004 -0.07631891 -0.00815540
0.01574799 0.06833408 0.11443457 0.15258359 0.18243770 0.20329932 0.21395002 0.21536903 0.20174351 0.18051106 0.13409876 0.08742229 -0.00104231 -0.06986961 -0.20127129 -0.27220067 -0.42101655 -0.44507872 -0.53517536 -0.43301019 -0.36446507 -0.07281419 0.16356147 0.58673185 0.87094604 1.23187355 1.35494834 1.43113081 1.24898661 1.02500790 0.67956398 0.39299670 0.12295176 -0.05090635 -0.17033513 -0.21914210 -0.22800435 -0.20132826 -0.15661080 -0.10059717 -0.04174627
-0.00694426 0.04105196 0.08601022 0.12638547 0.16050625 0.18781527 0.20739945 0.21713629 0.21870128 0.20362715 0.18257934 0.13197152 0.08487952 -0.01114900 -0.07953796 -0.21874621 -0.28427263 -0.43408981 -0.44176538 -0.52381824 -0.39448923 -0.32176517 -0.01917571 0.20674815 0.59785853 0.84849874 1.14403436 1.22743935 1.26089890 1.09349526 0.89488545 0.61414133 0.37684989 0.15885010 0.01115802 -0.08985305 -0.13711487 -0.14921058 -0.13262461 -0.09889397 -0.05494955
-0.01265023 0.02621121 0.06615694 0.10444164 0.13974186 0.17016210 0.19491126 0.21296122 0.22110131 0.22192965 0.20427270 0.18217830 0.12692812 0.07873748 -0.02256381 -0.09006410 -0.23067831 -0.29070936 -0.43197554 -0.42834855 -0.49045586 -0.35116559 -0.25917567 0.03100620 0.25375308 0.59643813 0.81361971 1.04247156 1.09632353 1.09670221 0.95057873 0.77694451 0.55260236 0.35737851 0.18341137 0.05965895 -0.02443220 -0.06802887 -0.08152467 -0.07197249 -0.04692346
-0.00167087 0.02514598 0.05663482 0.09002676 0.12271336 0.15361611 0.18063205 0.20267639 0.21872371 0.22450049 0.22363882 0.20282538 0.17896077 0.12013221 0.07085310 -0.03206394 -0.09891283 -0.23526797 -0.29216340 -0.41800273 -0.40781631 -0.44242311 -0.30083782 -0.18737389 0.08021198 0.29470339 0.58337955 0.76718144 0.93582329 0.96850382 0.94658373 0.82305108 0.67387895 0.49620677 0.33697949 0.19890810 0.09664653 0.02728923 -0.01142387 -0.02509149 -0.02013333
0.02306492 0.03677481 0.05804436 0.08379683 0.11196433 0.14000119 0.16702069 0.19077107 0.20989003 0.22346991 0.22647950 0.22341969 0.19985947 0.17412701 0.11362505 0.06296798 -0.03857378 -0.10649671 -0.23472272 -0.29056591 -0.39519792 -0.37940863 -0.38318286 -0.24344165 -0.11365547 0.12543058 0.32534964 0.56065206 0.71232068 0.83117438 0.84885919 0.81432883 0.71166389 0.58583245 0.44553950 0.31687390 0.20747100 0.12402251 0.06717923 0.03382400 0.02084984
0.05756572 0.05837773 0.06883541 0.08607746 0.10743525 0.13141697 0.15552682 0.17903190 0.19962361 0.21579284 0.22677111 0.22723992 0.22198528 0.19662919 0.16884584 0.10804835 0.05473813 -0.04383252 -0.11442535 -0.23110149 -0.28497956 -0.36392752 -0.34156275 -0.31642100 -0.18181913 -0.04376097 0.16435846 0.34434905 0.53107085 0.65286713 0.73332708 0.74035031 0.70064593 0.61591739 0.51154576 0.40070145 0.29761326 0.21093179 0.14355937 0.09726048 0.06923696
0.09647211 0.08648449 0.08679508 0.09512256 0.10945291 0.12742669 0.14800416 0.16877252 0.18916245 0.20687829 0.22043895 0.22904309 0.22754042 0.22009482 0.19351439 0.16281306 0.10201718 0.04464279 -0.04972616 -0.12237706 -0.22398263 -0.27267802 -0.32446862 -0.29478123 -0.24647618 -0.11949845 0.01847509 0.19579709 0.35234741 0.49741384 0.59244287 0.64486706 0.64433066 0.60441014 0.53459613 0.44921836 0.36147814 0.27946200 0.21080420 0.15690563 0.11948724
0.13559544 0.11709941 0.10895840 0.10931154 0.11628362 0.12849522 0.14385886 0.16169902 0.17972485 0.19755001 0.21286878 0.22434639 0.23080429 0.22762448 0.21749234 0.18944582 0.15464844 0.09377046 0.03225178 -0.05614328 -0.12794602 -0.21184325 -0.25186992 -0.27825949 -0.24134862 -0.17731196 -0.05975565 0.07100866 0.21937960 0.35113829 0.46198561 0.53393128 0.56669096 0.56095284 0.52366298 0.46614134 0.39703273 0.32748494 0.26259755 0.20830536 0.16554012
0.17071153 0.14702483 0.13247883 0.12617221 0.12686502 0.13301634 0.14371935 0.15714381 0.17290702 0.18883462 0.20469535 0.21804971 0.22774478 0.23189153 0.22671519 0.21301323 0.18287756 0.14346182 0.08292490 0.01897414 -0.06137529 -0.12849665 -0.19369915 -0.22256668 -0.22750577 -0.18441001 -0.11207930 -0.00526549 0.11320213 0.23537640 0.34296073 0.42650241 0.47929639 0.49864295 0.48958249 0.45625849 0.40890739 0.35339168 0.29826633 0.24716593 0.20437577
0.19970395 0.17341484 0.15492499 0.14375495 0.13917584 0.14038388 0.14613126 0.15586013 0.16796584 0.18226766 0.19664151 0.21092759 0.22241596 0.23014770 0.23141403 0.22355312 0.20562086 0.17310911 0.12974959 0.07064896 0.00709228 -0.06347212 -0.12242758 -0.16953230 -0.18623548 -0.17470186 -0.12728743 -0.05304894 0.04211624 0.14542066 0.24452637 0.33000738 0.39216380 0.42965716 0.44003384 0.42915328 0.40019278 0.36131843 0.31696761 0.27334620 0.23326809
0.22094316 0.19477376 0.17442596 0.16022636 0.15192153 0.14895160 0.15081772 0.15652035 0.16573642 0.17702123 0.19027844 0.20334936 0.21605668 0.22538895 0.23062414 0.22841290 0.21734007 0.19522943 0.16070265 0.11503986 0.05878675 -0.00135661 -0.06104161 -0.10941114 -0.14018131 -0.14523963 -0.12233227 -0.07295613 -0.00162802 0.08143439 0.16865868 0.24787396 0.31416455 0.35978199 0.38548379 0.38997136 0.37842634 0.35371855 0.32194366 0.28666427 0.25224998
0.23452320 0.21017922 0.18993272 0.17436980 0.16372063 0.15787265 0.15642059 0.15906665 0.16499528 0.17400164 0.18472062 0.19702879 0.20869767 0.21949287 0.22622114 0.22844674 0.22253222 0.20820952 0.18269154 0.14700773 0.10108513 0.04906695 -0.00508351 -0.05348233 -0.09020170 -0.10713794 -0.10228744 -0.07261266 -0.02368275 0.04156875 0.11256310 0.18423763 0.24661748 0.29693079 0.32989175 0.34680985 0.34752934 0.33615156 0.31534778 0.28952070 0.26156321
0.24088869 0.21975500 0.20094366 0.18545421 0.17377241 0.16609246 0.16238393 0.16236083 0.16583360 0.17209591 0.18095745 0.19107852 0.20224387 0.21220457 0.22068128 0.22450864 0.22352579 0.21417013 0.19702311 0.16927738 0.13352027 0.08933187 0.04273554 -0.00362541 -0.04099167 -0.06631340 -0.07226503 -0.05994218 -0.02727257 0.01913071 0.07659307 0.13602648 0.19358986 0.24197669 0.27943457 0.30282067 0.31340415 0.31181688 0.30115292 0.28381701 0.26295645
0.24132173 0.22399121 0.20759628 0.19320469 0.18156242 0.17306294 0.16788661 0.16603676 0.16729758 0.17150884 0.17801333 0.18656969 0.19586200 0.20557495 0.21354486 0.21946716 0.22040249 0.21637217 0.20417627 0.18489888 0.15620620 0.12150575 0.08073779 0.04043482 0.00273910 -0.02444056 -0.03963646 -0.03746287 -0.02027331 0.01256536 0.05491570 0.10400168 0.15277521 0.19811626 0.23508781 0.26248865 0.27873053 0.28488958 0.28200105 0.27236719 0.25805332
0.23714946 0.22384049 0.21033291 0.19775612 0.18692292 0.17841257 0.17253378 0.16944884 0.16915432 0.17145949 0.17618187 0.18268787 0.19066659 0.19886651 0.20689277 0.21276754 0.21615143 0.21445993 0.20777652 0.19347058 0.17286555 0.14443591 0.11186087 0.07574980 0.04219811 0.01316512 -0.00512802 -0.01206545 -0.00437695 0.01531008 0.04639299 0.08378340 0.12468479 0.16397219 0.19909737 0.22693255 0.24664822 0.25764683 0.26081894 0.25731488 0.24885812
0.22981606 0.22034138 0.20986743 0.19946050 0.18997287 0.18201722 0.17605100 0.17230252 0.17090238 0.17181452 0.17484831 0.17978137 0.18601109 0.19316931 0.20011487 0.20638772 0.21024885 0.21129286 0.20735588 0.19850969 0.18282753 0.16172859 0.13462096 0.10507888 0.07434436 0.04754523 0.02648128 0.01551353 0.01478054 0.02578312 0.04606492 0.07423323 0.10631961 0.13970569 0.17081893 0.19764176 0.21830210 0.23226259 0.23948663 0.24072212 0.23706180
0.22061596 0.21454518 0.20698012 0.19885267 0.19096652 0.18397457 0.17833168 0.17439570 0.17232017 0.17219628 0.17394922 0.17738656 0.18225324 0.18799654 0.19420659 0.19987222 0.20446474 0.20649103 0.20546445 0.19967529 0.18918647 0.17282862 0.15205352 0.12712274 0.10126545 0.07612080 0.05566026 0.04143788 0.03617249 0.03970878 0.05230001 0.07181362 0.09650510 0.12338254 0.15016680 0.17443498 0.19466236 0.20979111 0.21951937 0.22408680 0.22413427
0.21060911 0.20741504 0.20244021 0.19649805 0.19030244 0.18445397 0.17945382 0.17563226 0.17326293 0.17243656 0.17320928 0.17547725 0.17905619 0.18367126 0.18882688 0.19407358 0.19851852 0.20155896 0.20193714 0.19911411 0.19185162 0.18025920 0.16388604 0.14418014 0.12203502 0.10020369 0.08043764 0.06559610 0.05690462 0.05581819 0.06198512 0.07490719 0.09279417 0.11387528 0.13593473 0.15711048 0.17578797 0.19087402 0.20181238 0.20848166 0.21122893
0.20065689 0.19972019 0.19694599 0.19295883 0.18837754 0.18375011 0.17952134 0.17607361 0.17364203 0.17243303 0.17249275 0.17385442 0.17639892 0.17995585 0.18423386 0.18878133 0.19310155 0.19639531 0.19800115 0.19689291 0.19254850 0.18419676 0.17205490 0.15626867 0.13824269 0.11922854 0.10145766 0.08655866 0.07644742 0.07198747 0.07376004 0.08128282 0.09369044 0.10950445 0.12712333 0.14492077 0.16145504 0.17566339 0.18680527 0.19462123 0.19911706
0.19131629 0.19208442 0.19105306 0.18872734 0.18559764 0.18213106 0.17874682 0.17577274 0.17349992 0.17209618 0.17171980 0.17239099 0.17412995 0.17680859 0.18026265 0.18417565 0.18811522 0.19153568 0.19371606 0.19398107 0.19154330 0.18597879 0.17694621 0.16480152 0.15011410 0.13419859 0.11841339 0.10448462 0.09377197 0.08745881 0.08606548 0.08962720 0.09758638 0.10896840 0.12256532 0.13703398 0.15118742 0.16395960 0.17465921 0.18281579 0.18833954
0.18297037 0.18489907 0.18519174 0.18419113 0.18229140 0.17987500 0.17729338 0.17486695 0.17283956 0.17143624 0.17078185 0.17100269 0.17210456 0.17409481 0.17683094 0.18013633 0.18365828 0.18696403 0.18947597 0.19055587 0.18957825 0.18600161 0.17956208 0.17027648 0.15862986 0.14543227 0.13186345 0.11920236 0.10872372 0.10145949 0.09806226 0.09876423 0.10329770 0.11107882 0.12117484 0.13260966 0.14431627 0.15543383 0.16520564 0.17318953 0.17910994
0.17573552 0.17839505 0.17960288 0.17960843 0.17869324 0.17716280 0.17531405 0.17341332 0.17170827 0.17038628 0.16962715 0.16952988 0.17019665 0.17161948 0.17378283 0.17651760 0.17961636 0.18268863 0.18529894 0.18687438 0.18687936 0.18479983 0.18033378 0.17340212 0.16428464 0.15355420 0.14210161 0.13093836 0.12115267 0.11363961 0.10910931 0.10785236 0.10988425 0.11479831 0.12202530 0.13074868 0.14019075 0.14953840 0.15817354 0.16557935 0.17148090
0.16954613 0.17255688 0.17434384 0.17504804 0.17487559 0.17405429 0.17282142 0.17140870 0.17002274 0.16886013 0.16807196 0.16780628 0.16814316 0.16915895 0.17082385 0.17308564 0.17573905 0.17853847 0.18107003 0.18291206 0.18354257 0.18255099 0.17957594 0.17452839 0.16750059 0.15893353 0.14943216 0.13984922 0.13101072 0.12376765 0.11871060 0.11627204 0.11651022 0.11929567 0.12418450 0.13065252 0.13802526 0.14569421 0.15306078 0.15968830 0.16523760
0.16404118 0.16712186 0.16919118 0.17033052 0.17066923 0.17037612 0.16963455 0.16863146 0.16755093 0.16655903 0.16581666 0.16544980 0.16557934 0.16626427 0.16754729 0.16936688 0.17162522 0.17408206 0.17646225 0.17835693 0.17938592 0.17912003 0.17728648 0.17368865 0.16840630 0.16166205 0.15396518 0.14589816 0.13820090 0.13151263 0.12644645 0.12335839 0.12246357 0.12368170 0.12680082 0.13139774 0.13701318 0.14311360 0.14923398 0.15494768 0.15995409
0.15852821 0.16144678 0.16356332 0.16490268 0.16554586 0.16560693 0.16522438 0.16454651 0.16372385 0.16290585 0.16222985 0.16182868 0.16180568 0.16225209 0.16319910 0.16464833 0.16650222 0.16861986 0.17074049 0.17258219 0.17377534 0.17400950 0.17297474 0.17053284 0.16663655 0.16147991 0.15536172 0.14878482 0.14226497 0.13639219 0.13162978 0.12837903 0.12682204 0.12701797 0.12881336 0.13196301 0.13609457 0.14082444 0.14574680 0.15051764 0.15484419
0.15181703 0.15439846 0.15636076 0.15770113 0.15846021 0.15871452 0.15856234 0.15811759 0.15750058 0.15683396 0.15623937 0.15582942 0.15570938 0.15595647 0.15662725 0.15771995 0.15919446 0.16092335 0.16273849 0.16438384 0.16560084 0.16609027 0.16563111 0.16403927 0.16129171 0.15745502 0.15278083 0.14758836 0.14231970 0.13739313 0.13323843 0.13016144 0.12838955 0.12798136 0.12889488 0.13094849 0.13390047 0.13744379 0.14127520 0.14510037 0.14867748
0.14207868 0.14417505 0.14581394 0.14697729 0.14768428 0.14798219 0.14794009 0.14763992 0.14717349 0.14663587 0.14612385 0.14573153 0.14554434 0.14563606 0.14605290 0.14681449 0.14788795 0.14920156 0.15061605 0.15196288 0.15302138 0.15358647 0.15345059 0.15248883 0.15063018 0.14793477 0.14453593 0.14068931 0.13668387 0.13286450 0.12953340 0.12696613 0.12533339 0.12472936 0.12513096 0.12644140 0.12848316 0.13104521 0.13389319 0.13680581 0.13958589
0.12661670 0.12811135 0.12928444 0.13011957 0.13062732 0.13083892 0.13080070 0.13057004 0.13020985 0.12978783 0.12937148 0.12902805 0.12881940 0.12879814 0.12900250 0.12944615 0.13011693 0.13096259 0.13190129 0.13280922 0.13355012 0.13396812 0.13393486 0.13334188 0.13215217 0.13037911 0.12812513 0.12553847 0.12283112 0.12021959 0.11792965 0.11613990 0.11498818 0.11453571 0.11478424 0.11566594 0.11706887 0.11884515 0.12083538 0.12288246 0.12484689
0.10146353 0.10231004 0.10294791 0.10337428 0.10360070 0.10365128 0.10355786 0.10335710 0.10308845 0.10279106 0.10250418 0.10226371 0.10210281 0.10204764 0.10211582 0.10231237 0.10262556 0.10302650 0.10346460 0.10387577 0.10418007 0.10430090 0.10416404 0.10372378 0.10295757 0.10188968 0.10057472 0.09911092 0.09761184 0.09620924 0.09502101 0.09415094 0.09366447 0.09359290 0.09392387 0.09461188 0.09558224 0.09674376 0.09799933 0.09925525 0.10043130
0.06084138 0.06114283 0.06135463 0.06147878 0.06152415 0.06150285 0.06143014 0.06132203 0.06119469 0.06106374 0.06094316 0.06084575 0.06078134 0.06075749 0.06077720 0.06083905 0.06093550 0.06105259 0.06117060 0.06126407 0.06130630 0.06126974 0.06113413 0.06088559 0.06052577 0.06006707 0.05953944 0.05898046 0.05843838 0.05795922 0.05758751 0.05735501 0.05728198 0.05737138 0.05761217 0.05797974 0.05844033 0.05895553 0.05948568 0.05999541 0.06045432
0.00000000 0.00000000 0.00000000 0.00000000 0.00000000 0.00000000 0.00000000 0.00000000 0.00000000 0.00000000 0.00000000 0.00000000 0.00000000 0.00000000 0.00000000 0.00000000 0.00000000 0.00000000 0.00000000 0.00000000 0.00000000 0.00000000 0.00000000 0.00000000 0.00000000 0.00000000 0.00000000 0.00000000 0.00000000 0.00000000 0.00000000 0.00000000 0.00000000 0.00000000 0.00000000 0.00000000 0.00000000 0.00000000 0.00000000 0.00000000 0.00000000
