0.00000000 0.00000000 0.00000000 0.00000000 0.00000000 0.00000000 0.00000000 0.00000000 0.00000000 0.00000000 0.00000000 0.00000000 0.00000000 0.00000000 0.00000000 0.00000000 0.00000000 0.00000000 0.00000000 0.00000000 0.00000000 0.00000000 0.00000000 0.00000000 0.00000000 0.00000000 0.00000000 0.00000000 0.00000000 0.00000000 0.00000000 0.00000000 0.00000000 0.00000000 0.00000000 0.00000000 0.00000000 0.00000000 0.00000000 0.00000000 0.00000000
-0.10915204 -0.08440257 -0.05352519 -0.01581504 0.02820721 0.08072448 0.13718985 0.20229480 0.26146875 0.32511596 0.35605936 0.39570929 0.28961903 0.38110296 -0.25087107 0.21789197 -1.24654186 -0.64139321 -1.21519638 -1.29727560 -0.30644881 -1.35915242 -0.24968320 -0.04699458 0.12571113 0.78253031 0.64757333 0.81529675 0.68181143 0.56910853 0.43071058 0.28267862 0.16387400 0.05550981 -0.02091582 -0.08003538 -0.11552542 -0.13643567 -0.14286408 -0.13949767 -0.12770688
-0.14848424 -0.12186695 -0.08729389 -0.04464829 0.00814788 0.06863602 0.14296817 0.21889085 0.31088455 0.38435243 0.47318626 0.48341157 0.56592490 0.25570439 0.59658279 -0.78565178 0.20666476 -1.96225962 -1.28498240 -1.14222077 -1.86593063 -0.16332401 -1.14097492 -0.28231483 0.39853504 0.39921937 1.13468447 0.98652741 1.00576421 0.84147644 0.63981879 0.46511791 0.27696585 0.14075463 0.01785803 -0.06249777 -0.12351810 -0.15677586 -0.17432507 -0.17600207 -0.16692735
-0.17007202 -0.14945769 -0.12003373 -0.08136909 -0.03386071 0.02712403 0.09499442 0.18312250 0.26690285 0.37755172 0.45169490 0.56398441 0.52976369 0.69600294 0.12350458 0.74327481 -1.12608126 -0.08273018 -1.70301089 -1.69984349 -0.80751162 -2.13936968 -0.60090990 -1.04041548 -0.41356498 0.63812988 0.75430652 1.19307375 1.13609972 1.00669933 0.84374491 0.60911503 0.43141001 0.24104359 0.10916823 -0.00840940 -0.08318373 -0.13878133 -0.16810169 -0.18211939 -0.18147434
-0.17970576 -0.16818115 -0.14745556 -0.11743773 -0.07641496 -0.02650786 0.04131334 0.11338949 0.21440772 0.30194831 0.43125051 0.50120177 0.64245513 0.55599418 0.80589762 0.05930765 0.71890413 -0.94392219 -0.42640971 -1.10764700 -1.95777780 -1.06329187 -2.28603217 -1.25571689 -0.89246840 -0.21271124 0.68322541 0.99474600 1.15655617 1.14777495 0.95939251 0.79787022 0.56427355 0.39242279 0.21268132 0.08816364 -0.02022583 -0.09008420 -0.14061657 -0.16802549 -0.18041422
-0.17474043 -0.17514261 -0.16468548 -0.14460829 -0.11500169 -0.07184414 -0.02065544 0.05437247 0.12913844 0.24395693 0.33364089 0.48303240 0.54794334 0.71740339 0.59336321 0.86195138 0.14174727 0.53999821 -0.53146866 -0.73193607 -0.97735033 -2.04479647 -1.63253758 -2.12736966 -1.43057929 -0.72076751 0.06286081 0.67360429 1.04960568 1.09567314 1.08491743 0.89311713 0.73543963 0.51845749 0.35601264 0.19214214 0.07531821 -0.02319232 -0.08917484 -0.13572389 -0.16258270
-0.15433249 -0.16710237 -0.16908061 -0.16032022 -0.14101559 -0.11234882 -0.06667298 -0.01477589 0.06841595 0.14541107 0.27528818 0.36735177 0.53658755 0.59815574 0.78198231 0.65076429 0.84652243 0.28942456 0.30405500 -0.34368911 -0.93172642 -1.22331255 -1.96872289 -1.90028763 -1.88458155 -1.25669546 -0.56390468 0.21381543 0.66330651 0.99775621 1.01224182 0.98937827 0.81434154 0.66547368 0.47238622 0.32167698 0.17579786 0.06724782 -0.02159270 -0.08399508 -0.12745376
-0.11802470 -0.14504114 -0.15885767 -0.16245230 -0.15564613 -0.13681635 -0.10920398 -0.06016999 -0.00738978 0.08524965 0.16524550 0.31060145 0.40601899 0.59047214 0.65035605 0.82577043 0.70794605 0.77812274 0.36367113 0.09997213 -0.41594645 -1.03330813 -1.43172517 -1.87414121 -1.85738349 -1.65293609 -1.02278914 -0.40823284 0.27390706 0.63480965 0.90468027 0.90993683 0.87957322 0.72907188 0.59235210 0.42572622 0.28865829 0.16093244 0.06145490 -0.01832976 -0.07702284
-0.07015363 -0.10910885 -0.13616059 -0.15112793 -0.15603794 -0.15103006 -0.13192004 -0.10483662 -0.05118507 0.00354588 0.10654881 0.19081053 0.34951354 0.44847216 0.63885502 0.69672067 0.84229068 0.73482934 0.68529585 0.32703974 -0.05800019 -0.56168221 -1.10620328 -1.49767667 -1.77615754 -1.68634327 -1.41102430 -0.80743977 -0.27168449 0.29264000 0.58438779 0.79614370 0.80073180 0.76637400 0.64206704 0.51964238 0.37880142 0.25665164 0.14600584 0.05617608 -0.01535113
-0.01390121 -0.06475454 -0.10187193 -0.12869288 -0.14456557 -0.15010921 -0.14621515 -0.12563802 -0.09791011 -0.03845928 0.01959653 0.13232953 0.22152043 0.38848323 0.49028335 0.67543113 0.72903739 0.83203913 0.71973243 0.58228336 0.22655699 -0.19799769 -0.68547220 -1.16290329 -1.47411523 -1.64057904 -1.47161075 -1.16506279 -0.62057950 -0.16651851 0.28710644 0.52399378 0.68591957 0.69285842 0.65740156 0.55713731 0.45006148 0.33245647 0.22560557 0.13031762 0.05021596
0.04287922 -0.01462529 -0.06157252 -0.09683743 -0.12295441 -0.13910792 -0.14426340 -0.14035882 -0.11708047 -0.08737397 -0.02185549 0.04042374 0.16037333 0.25459409 0.42358303 0.52775013 0.69817898 0.74467734 0.79994262 0.66934631 0.46726966 0.10148258 -0.33376068 -0.77747190 -1.18227903 -1.39411041 -1.46412642 -1.24613767 -0.93682398 -0.46760734 -0.08821350 0.26821314 0.46101554 0.58244404 0.59145089 0.55722309 0.47710398 0.38533836 0.28765164 0.19555549 0.11367795
0.09622314 0.03397178 -0.01758335 -0.06066110 -0.09382756 -0.11857988 -0.13413335 -0.13782962 -0.13274776 -0.10607906 -0.07345047 -0.00276489 0.06423835 0.18828527 0.28811846 0.45412786 0.56061131 0.70920760 0.74354713 0.74692045 0.58843934 0.33502410 -0.03296646 -0.45417927 -0.83344691 -1.15301218 -1.27416061 -1.26722310 -1.03114385 -0.73648661 -0.34590227 -0.03226506 0.24357840 0.39988290 0.48985961 0.49935707 0.46791736 0.40374837 0.32631186 0.24518485 0.16658681
0.13888463 0.07835112 0.02378250 -0.02231647 -0.06150501 -0.09219839 -0.11492733 -0.12904673 -0.13056949 -0.12348054 -0.09346135 -0.05726683 0.01737496 0.09007863 0.21617165 0.32286098 0.48225803 0.58872183 0.70781797 0.72039184 0.66828240 0.47911525 0.19236417 -0.16122823 -0.54317946 -0.84965992 -1.08208755 -1.13093461 -1.06838608 -0.83693160 -0.56800041 -0.25048154 0.00601724 0.21767210 0.34308450 0.40937118 0.41776172 0.38984029 0.33791628 0.27319537 0.20561948
0.16934574 0.11277306 0.06065582 0.01293402 -0.02809205 -0.06339735 -0.09132240 -0.11162522 -0.12377030 -0.12287783 -0.11319378 -0.08002263 -0.03923443 0.03899945 0.11911665 0.24628695 0.35964275 0.50769373 0.60660795 0.68750498 0.66843944 0.56458894 0.35171555 0.05501420 -0.26873995 -0.59474876 -0.82929263 -0.98183638 -0.97825015 -0.88102003 -0.66780357 -0.43063103 -0.17637495 0.03090487 0.19266445 0.29180261 0.34047926 0.34671589 0.32237080 0.27976154 0.22587720
0.18413984 0.13664447 0.08865444 0.04376377 0.00208818 -0.03427103 -0.06585823 -0.09094623 -0.10873016 -0.11855727 -0.11509260 -0.10194587 -0.06519061 -0.01810069 0.06423397 0.15282717 0.27928541 0.39515285 0.52481967 0.60552416 0.64299152 0.58868125 0.44535291 0.22121365 -0.06419326 -0.34748306 -0.61015773 -0.77916464 -0.86516291 -0.82705011 -0.71302000 -0.52444568 -0.32116386 -0.11943767 0.04592920 0.16933463 0.24636028 0.28191958 0.28559825 0.26448834 0.22902860
0.18526478 0.14773593 0.10766693 0.06684539 0.02811071 -0.00834045 -0.04054769 -0.06874964 -0.09106429 -0.10627046 -0.11323627 -0.10658316 -0.08853647 -0.04707972 0.00785596 0.09433295 0.18988548 0.31163616 0.42233073 0.52665101 0.58055191 0.57575198 0.48962202 0.32266739 0.10046840 -0.15789727 -0.39497464 -0.59484538 -0.70799593 -0.74334721 -0.68514241 -0.56780363 -0.40556757 -0.23548420 -0.07640301 0.05382623 0.14779722 0.20657394 0.23226452 0.23348197 0.21512222
0.17328546 0.14791050 0.11634327 0.08235463 0.04742036 0.01381763 -0.01824439 -0.04684678 -0.07196418 -0.09140323 -0.10362384 -0.10672386 -0.09573046 -0.07125611 -0.02419259 0.03859902 0.12757532 0.22570857 0.33749239 0.43490151 0.50976861 0.53303398 0.49214416 0.38209140 0.20697454 -0.00159288 -0.22339149 -0.41307614 -0.55643008 -0.62480730 -0.62496099 -0.55737405 -0.44573269 -0.30891341 -0.16947594 -0.04465334 0.05664818 0.12796443 0.17202411 0.19022414 0.18936859
0.15228445 0.13806332 0.11630226 0.08949603 0.06040765 0.03020480 0.00079485 -0.02759322 -0.05295700 -0.07498916 -0.09106487 -0.09945687 -0.09747664 -0.08103351 -0.04944730 0.00295998 0.07158625 0.15996578 0.25506840 0.35224080 0.43029562 0.47494800 0.46825816 0.40012083 0.27619934 0.10595897 -0.08018649 -0.26174104 -0.40671200 -0.50303505 -0.53758986 -0.51567137 -0.44614387 -0.34537919 -0.23179937 -0.11941672 -0.02198770 0.05593540 0.10976681 0.14222543 0.15472576
0.12486817 0.12128715 0.10855873 0.08967749 0.06659909 0.04138707 0.01495441 -0.01098411 -0.03611535 -0.05825826 -0.07682247 -0.08878137 -0.09242679 -0.08456025 -0.06230858 -0.02427123 0.03197818 0.10318412 0.18756450 0.27451292 0.35388955 0.40921190 0.42552960 0.39308030 0.30753212 0.18000475 0.02416827 -0.13441631 -0.27670872 -0.38232529 -0.44201073 -0.45255007 -0.41863166 -0.35200422 -0.26441940 -0.17139882 -0.08208584 -0.00648591 0.05286609 0.09320193 0.11669516
0.09495509 0.09984517 0.09545761 0.08388436 0.06724960 0.04705544 0.02491752 0.00159014 -0.02126938 -0.04320302 -0.06184882 -0.07640226 -0.08362749 -0.08203970 -0.06831893 -0.04083155 0.00200495 0.06004369 0.13046163 0.20786785 0.28268422 0.34247574 0.37429460 0.36622076 0.31457353 0.22109648 0.09875580 -0.03696719 -0.16641471 -0.27347939 -0.34647451 -0.37923699 -0.37390856 -0.33508216 -0.27422356 -0.20018482 -0.12492197 -0.05475178 0.00353277 0.04834792 0.07829253
0.06502760 0.07652079 0.07890768 0.07393277 0.06322913 0.04834043 0.03042766 0.01084636 -0.00971163 -0.02958555 -0.04816448 -0.06300573 -0.07320155 -0.07555475 -0.06888407 -0.05005935 -0.01843848 0.02728098 0.08509451 0.15174796 0.21967047 0.27959297 0.31937950 0.32935253 0.30232954 0.23899454 0.14559706 0.03474055 -0.07856545 -0.18012636 -0.25751688 -0.30487931 -0.31892395 -0.30407287 -0.26493444 -0.21126890 -0.14998092 -0.08975167 -0.03513271 0.00949780 0.04306078
0.03748366 0.05333555 0.06091752 0.06138518 0.05597715 0.04595199 0.03248428 0.01650625 -0.00077208 -0.01866433 -0.03552322 -0.05062546 -0.06158626 -0.06746749 -0.06528768 -0.05410182 -0.03117518 0.00341595 0.05023830 0.10591315 0.16619157 0.22255417 0.26617446 0.28704713 0.27878948 0.23893076 0.17098642 0.08356023 -0.01223509 -0.10339424 -0.18014814 -0.23376802 -0.26196060 -0.26372981 -0.24400044 -0.20725689 -0.16119682 -0.11127156 -0.06354617 -0.02136073 0.01256889
0.01364232 0.03193328 0.04310283 0.04772492 0.04673503 0.04104144 0.03162151 0.01941918 0.00522106 -0.00986327 -0.02514008 -0.03903059 -0.05073833 -0.05802914 -0.05992612 -0.05374125 -0.03866720 -0.01255849 0.02388727 0.07010447 0.12167555 0.17334134 0.21676088 0.24419527 0.24867511 0.22692206 0.18010294 0.11325902 0.03547977 -0.04403220 -0.11496678 -0.17087843 -0.20624115 -0.22076663 -0.21503667 -0.19361549 -0.16065144 -0.12194950 -0.08178575 -0.04430164 -0.01194499
-0.00572224 0.01339000 0.02661864 0.03421672 0.03661788 0.03456522 0.02875300 0.01995547 0.00896129 -0.00354244 -0.01654309 -0.02934115 -0.04046142 -0.04903046 -0.05298104 -0.05125405 -0.04150712 -0.02308312 0.00534317 0.04239303 0.08620539 0.13171342 0.17315107 0.20327941 0.21608149 0.20767102 0.17734999 0.12852398 0.06675337 0.00037170 -0.06335021 -0.11683752 -0.15603226 -0.17788429 -0.18313501 -0.17327693 -0.15219466 -0.12353166 -0.09155746 -0.05957021 -0.03036823
-0.02042483 -0.00179446 0.01231624 0.02169237 0.02659501 0.02736708 0.02459625 0.01883011 0.01069256 0.00085102 -0.01008080 -0.02118379 -0.03173462 -0.04034688 -0.04603401 -0.04688071 -0.04175969 -0.02877921 -0.00758699 0.02212684 0.05825749 0.09783142 0.13564226 0.16614976 0.18378244 0.18453795 0.16709221 0.13260386 0.08547464 0.03108877 -0.02359916 -0.07307730 -0.11216130 -0.13846111 -0.15065992 -0.14995983 -0.13824493 -0.11867768 -0.09431417 -0.06825697 -0.04299796
-0.03074410 -0.01342931 0.00053321 0.01080690 0.01727525 0.02017718 0.01979011 0.01657646 0.01097174 0.00348455 -0.00531588 -0.01485764 -0.02428415 -0.03280546 -0.03908014 -0.04199529 -0.03981162 -0.03145627 -0.01564281 0.00747677 0.03715772 0.07068101 0.10442726 0.13358218 0.15346812 0.16034134 0.15211611 0.12927947 0.09410752 0.05110971 0.00507406 -0.03859024 -0.07587626 -0.10348858 -0.12017567 -0.12572150 -0.12147312 -0.10935811 -0.09188989 -0.07153497 -0.05053844
-0.03714813 -0.02174540 -0.00856605 0.00179741 0.00915201 0.01344588 0.01488225 0.01368198 0.01020477 0.00479671 -0.00211444 -0.01002192 -0.01834767 -0.02624414 -0.03281655 -0.03674648 -0.03685417 -0.03166923 -0.02036943 -0.00240129 0.02146746 0.04960815 0.07896653 0.10584319 0.12622745 0.13666011 0.13506260 0.12090118 0.09574217 0.06235323 0.02482441 -0.01285543 -0.04671605 -0.07397930 -0.09273128 -0.10247567 -0.10362045 -0.09748928 -0.08585331 -0.07068270 -0.05390649
-0.04033468 -0.02706679 -0.01516050 -0.00520735 0.00239708 0.00754264 0.01021173 0.01056541 0.00877262 0.00511368 -0.00012582 -0.00655405 -0.01367493 -0.02085300 -0.02720528 -0.03173786 -0.03319225 -0.03045595 -0.02245633 -0.00880192 0.01030787 0.03353682 0.05870390 0.08277288 0.10244544 0.11472498 0.11742723 0.10979460 0.09237611 0.06723149 0.03716246 0.00559496 -0.02432814 -0.04984266 -0.06913213 -0.08122875 -0.08611561 -0.08449856 -0.07759221 -0.06691951 -0.05401009
-0.04096259 -0.02991517 -0.01948391 -0.01034092 -0.00289231 0.00259735 0.00606081 0.00749147 0.00700937 0.00474325 0.00092627 -0.00417523 -0.01015410 -0.01647416 -0.02241509 -0.02705547 -0.02936920 -0.02824985 -0.02281367 -0.01248585 0.00261017 0.02163670 0.04287569 0.06397668 0.08223573 0.09505031 0.10045032 0.09736665 0.08596599 0.06743077 0.04390657 0.01794113 -0.00776174 -0.03085134 -0.04950479 -0.06262670 -0.06985767 -0.07146369 -0.06824403 -0.06126514 -0.05177884
-0.03973148 -0.03077802 -0.02192231 -0.01377622 -0.00681186 -0.00131359 0.00253539 0.00468633 0.00513231 0.00396463 0.00129569 -0.00264794 -0.00757377 -0.01301857 -0.01838051 -0.02287093 -0.02557868 -0.02555644 -0.02195798 -0.01425431 -0.00238880 0.01303940 0.03076861 0.04895000 0.06539341 0.07793025 0.08475104 0.08478305 0.07780505 0.06454438 0.04645452 0.02551905 0.00388459 -0.01641875 -0.03372317 -0.04690162 -0.05537492 -0.05914829 -0.05863349 -0.05460672 -0.04797391
-0.03721741 -0.03017835 -0.02284114 -0.01579653 -0.00948874 -0.00425350 -0.00029743 0.00224474 0.00333302 0.00296333 0.00122121 -0.00176506 -0.00573666 -0.01034185 -0.01504861 -0.01920356 -0.02200974 -0.02264916 -0.02036812 -0.01465811 -0.00539246 0.00703778 0.02169379 0.03713751 0.05162432 0.06334159 0.07073095 0.07272266 0.06894024 0.05972458 0.04607418 0.02945882 0.01157434 -0.00587847 -0.02144480 -0.03400876 -0.04293435 -0.04799267 -0.04938756 -0.04758420 -0.04327773
-0.03394194 -0.02855642 -0.02263015 -0.01667656 -0.01112800 -0.00631159 -0.00247258 0.00023265 0.00170177 0.00190707 0.00086227 -0.00132520 -0.00448176 -0.00829250 -0.01233947 -0.01604418 -0.01875152 -0.01973907 -0.01836607 -0.01415178 -0.00694297 0.00302223 0.01504089 0.02801320 0.04054333 0.05115786 0.05851641 0.06164073 0.06006145 0.05388318 0.04375915 0.03075312 0.01619632 0.00145451 -0.01219635 -0.02376356 -0.03255305 -0.03826004 -0.04087803 -0.04070210 -0.03819263
-0.03030286 -0.02631062 -0.02162748 -0.01670596 -0.01193421 -0.00763255 -0.00404677 -0.00136089 0.00030613 0.00088235 0.00036489 -0.00119555 -0.00364718 -0.00675593 -0.01015092 -0.01337056 -0.01583922 -0.01696691 -0.01618239 -0.01307742 -0.00746675 0.00049197 0.01029475 0.02108571 0.03177257 0.04115434 0.04811138 0.05177125 0.05164038 0.04768106 0.04028684 0.03023310 0.01851862 0.00626009 -0.00549731 -0.01584600 -0.02414669 -0.03001116 -0.03334711 -0.03427683 -0.03312123
-0.02662228 -0.02375826 -0.02013854 -0.01614440 -0.01212142 -0.00836546 -0.00511792 -0.00256583 -0.00084665 -0.00004362 -0.00019156 -0.00125409 -0.00312929 -0.00561214 -0.00841325 -0.01112950 -0.01329918 -0.01440839 -0.01399247 -0.01167889 -0.00730350 -0.00094403 0.00701806 0.01593670 0.02494640 0.03308678 0.03942950 0.04321722 0.04397867 0.04158245 0.03626320 0.02855207 0.01921871 0.00912690 -0.00084175 -0.00992505 -0.01751326 -0.02322585 -0.02688467 -0.02852547 -0.02833463
-0.02313478 -0.02116017 -0.01841831 -0.01522742 -0.01188819 -0.00866690 -0.00579121 -0.00344441 -0.00176634 -0.00085209 -0.00074465 -0.00143334 -0.00283335 -0.00478876 -0.00704919 -0.00929354 -0.01112485 -0.01213044 -0.01190767 -0.01015343 -0.00670291 -0.00160657 0.00486410 0.01220580 0.01974558 0.02671230 0.03234630 0.03600590 0.03725407 0.03592616 0.03213219 0.02624965 0.01884090 0.01059586 0.00221689 -0.00563556 -0.01243257 -0.01779170 -0.02151387 -0.02355708 -0.02402768
-0.02001887 -0.01872245 -0.01668209 -0.01416155 -0.01141712 -0.00868717 -0.00617885 -0.00406719 -0.00248845 -0.00153910 -0.00127056 -0.00168046 -0.00270846 -0.00422166 -0.00602022 -0.00782980 -0.00933108 -0.01017332 -0.01003288 -0.00864611 -0.00587751 -0.00174523 0.00354136 0.00959880 0.01589393 0.02181252 0.02673519 0.03012158 0.03158760 0.03094921 0.02825225 0.02374651 0.01785960 0.01111977 0.00410446 -0.00264298 -0.00865112 -0.01357293 -0.01719073 -0.01942727 -0.02032322
-0.01740352 -0.01660874 -0.01511040 -0.01312495 -0.01087373 -0.00856537 -0.00639014 -0.00450935 -0.00305421 -0.00211853 -0.00175546 -0.00197078 -0.00271515 -0.00388133 -0.00529794 -0.00674044 -0.00793741 -0.00860400 -0.00846602 -0.00731060 -0.00501603 -0.00159519 0.00279559 0.00785093 0.01314861 0.01819210 0.02247432 0.02554395 0.02706275 0.02685347 0.02491335 0.02141723 0.01668000 0.01112213 0.00520580 -0.00060822 -0.00591631 -0.01039743 -0.01383964 -0.01613942 -0.01729814
-0.01533907 -0.01491265 -0.01382133 -0.01224765 -0.01038195 -0.00841224 -0.00651086 -0.00483015 -0.00349363 -0.00259326 -0.00218215 -0.00227009 -0.00281782 -0.00373243 -0.00486873 -0.00603181 -0.00699364 -0.00750947 -0.00735167 -0.00633689 -0.00436479 -0.00143901 0.00231269 0.00664465 0.01120967 0.01559835 0.01938676 0.02218955 0.02371066 0.02377761 0.02236497 0.01958898 0.01569398 0.01101282 0.00593081 0.00083622 -0.00391398 -0.00802933 -0.01130173 -0.01361580 -0.01494457
-0.01355556 -0.01342660 -0.01266530 -0.01142472 -0.00987280 -0.00817790 -0.00650074 -0.00498426 -0.00374899 -0.00288535 -0.00244952 -0.00245681 -0.00287742 -0.00363317 -0.00459717 -0.00560019 -0.00644057 -0.00690494 -0.00679027 -0.00593487 -0.00424333 -0.00171241 0.00155869 0.00536639 0.00942021 0.01337124 0.01685282 0.01952515 0.02111650 0.02145783 0.02049989 0.01831871 0.01509996 0.01111622 0.00669011 0.00216035 -0.00215526 -0.00598599 -0.00912914 -0.01145875 -0.01292663
-0.01045724 -0.01061266 -0.01022124 -0.00939660 -0.00826833 -0.00697250 -0.00564195 -0.00439990 -0.00335287 -0.00258602 -0.00215707 -0.00209169 -0.00237841 -0.00296545 -0.00376004 -0.00463129 -0.00541916 -0.00594772 -0.00604532 -0.00556613 -0.00441443 -0.00256335 -0.00006874 0.00292921 0.00621458 0.00951719 0.01254245 0.01500615 0.01666921 0.01736582 0.01702302 0.01566614 0.01341375 0.01045927 0.00704741 0.00344462 -0.00008798 -0.00331952 -0.00606668 -0.00820454 -0.00966977
0.00000000 0.00000000 0.00000000 0.00000000 0.00000000 0.00000000 0.00000000 0.00000000 0.00000000 0.00000000 0.00000000 0.00000000 0.00000000 0.00000000 0.00000000 0.00000000 0.00000000 0.00000000 0.00000000 0.00000000 0.00000000 0.00000000 0.00000000 0.00000000 0.00000000 0.00000000 0.00000000 0.00000000 0.00000000 0.00000000 0.00000000 0.00000000 0.00000000 0.00000000 0.00000000 0.00000000 0.00000000 0.00000000 0.00000000 0.00000000 0.00000000
