0.00000000 0.00000000 0.00000000 0.00000000 0.00000000 0.00000000 0.00000000 0.00000000 0.00000000 0.00000000 0.00000000 0.00000000 0.00000000 0.00000000 0.00000000 0.00000000 0.00000000 0.00000000 0.00000000 0.00000000 0.00000000 0.00000000 0.00000000 0.00000000 0.00000000 0.00000000 0.00000000 0.00000000 0.00000000 0.00000000 0.00000000 0.00000000 0.00000000 0.00000000 0.00000000 0.00000000 0.00000000 0.00000000 0.00000000 0.00000000 0.00000000
0.36941006 0.36941006 0.36941006 0.36941006 0.36941006 0.36941006 0.36941006 0.36941006 0.36941006 0.36941006 0.36941006 0.36941006 0.36941006 0.36941006 0.36941006 0.36941006 0.36941006 0.36941006 0.36941006 0.36941006 0.36941006 0.36941006 0.36941006 0.36941006 0.36941006 0.36941006 0.36941006 0.36941006 0.36941006 0.36941006 0.36941006 0.36941006 0.36941006 0.36941006 0.36941006 0.36941006 0.36941006 0.36941006 0.36941006 0.36941006 0.36941006
0.71454821 0.71454821 0.71454821 0.71454821 0.71454821 0.71454821 0.71454821 0.71454821 0.71454821 0.71454821 0.71454821 0.71454821 0.71454821 0.71454821 0.71454821 0.71454821 0.71454821 0.71454821 0.71454821 0.71454821 0.71454821 0.71454821 0.71454821 0.71454821 0.71454821 0.71454821 0.71454821 0.71454821 0.71454821 0.71454821 0.71454821 0.71454821 0.71454821 0.71454821 0.71454821 0.71454821 0.71454821 0.71454821 0.71454821 0.71454821 0.71454821
1.03613807 1.03613807 1.03613807 1.03613807 1.03613807 1.03613807 1.03613807 1.03613807 1.03613807 1.03613807 1.03613807 1.03613807 1.03613807 1.03613807 1.03613807 1.03613807 1.03613807 1.03613807 1.03613807 1.03613807 1.03613807 1.03613807 1.03613807 1.03613807 1.03613807 1.03613807 1.03613807 1.03613807 1.03613807 1.03613807 1.03613807 1.03613807 1.03613807 1.03613807 1.03613807 1.03613807 1.03613807 1.03613807 1.03613807 1.03613807 1.03613807
1.33489427 1.33489427 1.33489427 1.33489427 1.33489427 1.33489427 1.33489427 1.33489427 1.33489427 1.33489427 1.33489427 1.33489427 1.33489427 1.33489427 1.33489427 1.33489427 1.33489427 1.33489427 1.33489427 1.33489427 1.33489427 1.33489427 1.33489427 1.33489427 1.33489427 1.33489427 1.33489427 1.33489427 1.33489427 1.33489427 1.33489427 1.33489427 1.33489427 1.33489427 1.33489427 1.33489427 1.33489427 1.33489427 1.33489427 1.33489427 1.33489427
1.61151812 1.61151812 1.61151812 1.61151812 1.61151812 1.61151812 1.61151812 1.61151812 1.61151812 1.61151812 1.61151812 1.61151812 1.61151812 1.61151812 1.61151812 1.61151812 1.61151812 1.61151812 1.61151812 1.61151812 1.61151812 1.61151812 1.61151812 1.61151812 1.61151812 1.61151812 1.61151812 1.61151812 1.61151812 1.61151812 1.61151812 1.61151812 1.61151812 1.61151812 1.61151812 1.61151812 1.61151812 1.61151812 1.61151812 1.61151812 1.61151812
1.86669321 1.86669321 1.86669321 1.86669321 1.86669321 1.86669321 1.86669321 1.86669321 1.86669321 1.86669321 1.86669321 1.86669321 1.86669321 1.86669321 1.86669321 1.86669321 1.86669321 1.86669321 1.86669321 1.86669321 1.86669321 1.86669321 1.86669321 1.86669321 1.86669321 1.86669321 1.86669321 1.86669321 1.86669321 1.86669321 1.86669321 1.86669321 1.86669321 1.86669321 1.86669321 1.86669321 1.86669321 1.86669321 1.86669321 1.86669321 1.86669321
2.10108124 2.10108124 2.10108124 2.10108124 2.10108124 2.10108124 2.10108124 2.10108124 2.10108124 2.10108124 2.10108124 2.10108124 2.10108124 2.10108124 2.10108124 2.10108124 2.10108124 2.10108124 2.10108124 2.10108124 2.10108124 2.10108124 2.10108124 2.10108124 2.10108124 2.10108124 2.10108124 2.10108124 2.10108124 2.10108124 2.10108124 2.10108124 2.10108124 2.10108124 2.10108124 2.10108124 2.10108124 2.10108124 2.10108124 2.10108124 2.10108124
2.31531795 2.31531795 2.31531795 2.31531795 2.31531795 2.31531795 2.31531795 2.31531795 2.31531795 2.31531795 2.31531795 2.31531795 2.31531795 2.31531795 2.31531795 2.31531795 2.31531795 2.31531795 2.31531795 2.31531795 2.31531795 2.31531795 2.31531795 2.31531795 2.31531795 2.31531795 2.31531795 2.31531795 2.31531795 2.31531795 2.31531795 2.31531795 2.31531795 2.31531795 2.31531795 2.31531795 2.31531795 2.31531795 2.31531795 2.31531795 2.31531795
2.51000913 2.51000913 2.51000913 2.51000913 2.51000913 2.51000913 2.51000913 2.51000913 2.51000913 2.51000913 2.51000913 2.51000913 2.51000913 2.51000913 2.51000913 2.51000913 2.51000913 2.51000913 2.51000913 2.51000913 2.51000913 2.51000913 2.51000913 2.51000913 2.51000913 2.51000913 2.51000913 2.51000913 2.51000913 2.51000913 2.51000913 2.51000913 2.51000913 2.51000913 2.51000913 2.51000913 2.51000913 2.51000913 2.51000913 2.51000913 2.51000913
2.68572699 2.68572699 2.68572699 2.68572699 2.68572699 2.68572699 2.68572699 2.68572699 2.68572699 2.68572699 2.68572699 2.68572699 2.68572699 2.68572699 2.68572699 2.68572699 2.68572699 2.68572699 2.68572699 2.68572699 2.68572699 2.68572699 2.68572699 2.68572699 2.68572699 2.68572699 2.68572699 2.68572699 2.68572699 2.68572699 2.68572699 2.68572699 2.68572699 2.68572699 2.68572699 2.68572699 2.68572699 2.68572699 2.68572699 2.68572699 2.68572699
2.84300655 2.84300655 2.84300655 2.84300655 2.84300655 2.84300655 2.84300655 2.84300655 2.84300655 2.84300655 2.84300655 2.84300655 2.84300655 2.84300655 2.84300655 2.84300655 2.84300655 2.84300655 2.84300655 2.84300655 2.84300655 2.84300655 2.84300655 2.84300655 2.84300655 2.84300655 2.84300655 2.84300655 2.84300655 2.84300655 2.84300655 2.84300655 2.84300655 2.84300655 2.84300655 2.84300655 2.84300655 2.84300655 2.84300655 2.84300655 2.84300655
2.98234235 2.98234235 2.98234235 2.98234235 2.98234235 2.98234235 2.98234235 2.98234235 2.98234235 2.98234235 2.98234235 2.98234235 2.98234235 2.98234235 2.98234235 2.98234235 2.98234235 2.98234235 2.98234235 2.98234235 2.98234235 2.98234235 2.98234235 2.98234235 2.98234235 2.98234235 2.98234235 2.98234235 2.98234235 2.98234235 2.98234235 2.98234235 2.98234235 2.98234235 2.98234235 2.98234235 2.98234235 2.98234235 2.98234235 2.98234235 2.98234235
3.10418546 3.10418546 3.10418546 3.10418546 3.10418546 3.10418546 3.10418546 3.10418546 3.10418546 3.10418546 3.10418546 3.10418546 3.10418546 3.10418546 3.10418546 3.10418546 3.10418546 3.10418546 3.10418546 3.10418546 3.10418546 3.10418546 3.10418546 3.10418546 3.10418546 3.10418546 3.10418546 3.10418546 3.10418546 3.10418546 3.10418546 3.10418546 3.10418546 3.10418546 3.10418546 3.10418546 3.10418546 3.10418546 3.10418546 3.10418546 3.10418546
3.20894064 3.20894064 3.20894064 3.20894064 3.20894064 3.20894064 3.20894064 3.20894064 3.20894064 3.20894064 3.20894064 3.20894064 3.20894064 3.20894064 3.20894064 3.20894064 3.20894064 3.20894064 3.20894064 3.20894064 3.20894064 3.20894064 3.20894064 3.20894064 3.20894064 3.20894064 3.20894064 3.20894064 3.20894064 3.20894064 3.20894064 3.20894064 3.20894064 3.20894064 3.20894064 3.20894064 3.20894064 3.20894064 3.20894064 3.20894064 3.20894064
3.29696388 3.29696388 3.29696388 3.29696388 3.29696388 3.29696388 3.29696388 3.29696388 3.29696388 3.29696388 3.29696388 3.29696388 3.29696388 3.29696388 3.29696388 3.29696388 3.29696388 3.29696388 3.29696388 3.29696388 3.29696388 3.29696388 3.29696388 3.29696388 3.29696388 3.29696388 3.29696388 3.29696388 3.29696388 3.29696388 3.29696388 3.29696388 3.29696388 3.29696388 3.29696388 3.29696388 3.29696388 3.29696388 3.29696388 3.29696388 3.29696388
3.36856019 3.36856019 3.36856019 3.36856019 3.36856019 3.36856019 3.36856019 3.36856019 3.36856019 3.36856019 3.36856019 3.36856019 3.36856019 3.36856019 3.36856019 3.36856019 3.36856019 3.36856019 3.36856019 3.36856019 3.36856019 3.36856019 3.36856019 3.36856019 3.36856019 3.36856019 3.36856019 3.36856019 3.36856019 3.36856019 3.36856019 3.36856019 3.36856019 3.36856019 3.36856019 3.36856019 3.36856019 3.36856019 3.36856019 3.36856019 3.36856019
3.42398171 3.42398171 3.42398171 3.42398171 3.42398171 3.42398171 3.42398171 3.42398171 3.42398171 3.42398171 3.42398171 3.42398171 3.42398171 3.42398171 3.42398171 3.42398171 3.42398171 3.42398171 3.42398171 3.42398171 3.42398171 3.42398171 3.42398171 3.42398171 3.42398171 3.42398171 3.42398171 3.42398171 3.42398171 3.42398171 3.42398171 3.42398171 3.42398171 3.42398171 3.42398171 3.42398171 3.42398171 3.42398171 3.42398171 3.42398171 3.42398171
3.46342622 3.46342622 3.46342622 3.46342622 3.46342622 3.46342622 3.46342622 3.46342622 3.46342622 3.46342622 3.46342622 3.46342622 3.46342622 3.46342622 3.46342622 3.46342622 3.46342622 3.46342622 3.46342622 3.46342622 3.46342622 3.46342622 3.46342622 3.46342622 3.46342622 3.46342622 3.46342622 3.46342622 3.46342622 3.46342622 3.46342622 3.46342622 3.46342622 3.46342622 3.46342622 3.46342622 3.46342622 3.46342622 3.46342622 3.46342622 3.46342622
3.48703582 3.48703582 3.48703582 3.48703582 3.48703582 3.48703582 3.48703582 3.48703582 3.48703582 3.48703582 3.48703582 3.48703582 3.48703582 3.48703582 3.48703582 3.48703582 3.48703582 3.48703582 3.48703582 3.48703582 3.48703582 3.48703582 3.48703582 3.48703582 3.48703582 3.48703582 3.48703582 3.48703582 3.48703582 3.48703582 3.48703582 3.48703582 3.48703582 3.48703582 3.48703582 3.48703582 3.48703582 3.48703582 3.48703582 3.48703582 3.48703582
3.49489616 3.49489616 3.49489616 3.49489616 3.49489616 3.49489616 3.49489616 3.49489616 3.49489616 3.49489616 3.49489616 3.49489616 3.49489616 3.49489616 3.49489616 3.49489616 3.49489616 3.49489616 3.49489616 3.49489616 3.49489616 3.49489616 3.49489616 3.49489616 3.49489616 3.49489616 3.49489616 3.49489616 3.49489616 3.49489616 3.49489616 3.49489616 3.49489616 3.49489616 3.49489616 3.49489616 3.49489616 3.49489616 3.49489616 3.49489616 3.49489616
3.48703582 3.48703582 3.48703582 3.48703582 3.48703582 3.48703582 3.48703582 3.48703582 3.48703582 3.48703582 3.48703582 3.48703582 3.48703582 3.48703582 3.48703582 3.48703582 3.48703582 3.48703582 3.48703582 3.48703582 3.48703582 3.48703582 3.48703582 3.48703582 3.48703582 3.48703582 3.48703582 3.48703582 3.48703582 3.48703582 3.48703582 3.48703582 3.48703582 3.48703582 3.48703582 3.48703582 3.48703582 3.48703582 3.48703582 3.48703582 3.48703582
3.46342622 3.46342622 3.46342622 3.46342622 3.46342622 3.46342622 3.46342622 3.46342622 3.46342622 3.46342622 3.46342622 3.46342622 3.46342622 3.46342622 3.46342622 3.46342622 3.46342622 3.46342622 3.46342622 3.46342622 3.46342622 3.46342622 3.46342622 3.46342622 3.46342622 3.46342622 3.46342622 3.46342622 3.46342622 3.46342622 3.46342622 3.46342622 3.46342622 3.46342622 3.46342622 3.46342622 3.46342622 3.46342622 3.46342622 3.46342622 3.46342622
3.42398171 3.42398171 3.42398171 3.42398171 3.42398171 3.42398171 3.42398171 3.42398171 3.42398171 3.42398171 3.42398171 3.42398171 3.42398171 3.42398171 3.42398171 3.42398171 3.42398171 3.42398171 3.42398171 3.42398171 3.42398171 3.42398171 3.42398171 3.42398171 3.42398171 3.42398171 3.42398171 3.42398171 3.42398171 3.42398171 3.42398171 3.42398171 3.42398171 3.42398171 3.42398171 3.42398171 3.42398171 3.42398171 3.42398171 3.42398171 3.42398171
3.36856019 3.36856019 3.36856019 3.36856019 3.36856019 3.36856019 3.36856019 3.36856019 3.36856019 3.36856019 3.36856019 3.36856019 3.36856019 3.36856019 3.36856019 3.36856019 3.36856019 3.36856019 3.36856019 3.36856019 3.36856019 3.36856019 3.36856019 3.36856019 3.36856019 3.36856019 3.36856019 3.36856019 3.36856019 3.36856019 3.36856019 3.36856019 3.36856019 3.36856019 3.36856019 3.36856019 3.36856019 3.36856019 3.36856019 3.36856019 3.36856019
3.29696388 3.29696388 3.29696388 3.29696388 3.29696388 3.29696388 3.29696388 3.29696388 3.29696388 3.29696388 3.29696388 3.29696388 3.29696388 3.29696388 3.29696388 3.29696388 3.29696388 3.29696388 3.29696388 3.29696388 3.29696388 3.29696388 3.29696388 3.29696388 3.29696388 3.29696388 3.29696388 3.29696388 3.29696388 3.29696388 3.29696388 3.29696388 3.29696388 3.29696388 3.29696388 3.29696388 3.29696388 3.29696388 3.29696388 3.29696388 3.29696388
3.20894064 3.20894064 3.20894064 3.20894064 3.20894064 3.20894064 3.20894064 3.20894064 3.20894064 3.20894064 3.20894064 3.20894064 3.20894064 3.20894064 3.20894064 3.20894064 3.20894064 3.20894064 3.20894064 3.20894064 3.20894064 3.20894064 3.20894064 3.20894064 3.20894064 3.20894064 3.20894064 3.20894064 3.20894064 3.20894064 3.20894064 3.20894064 3.20894064 3.20894064 3.20894064 3.20894064 3.20894064 3.20894064 3.20894064 3.20894064 3.20894064
3.10418546 3.10418546 3.10418546 3.10418546 3.10418546 3.10418546 3.10418546 3.10418546 3.10418546 3.10418546 3.10418546 3.10418546 3.10418546 3.10418546 3.10418546 3.10418546 3.10418546 3.10418546 3.10418546 3.10418546 3.10418546 3.10418546 3.10418546 3.10418546 3.10418546 3.10418546 3.10418546 3.10418546 3.10418546 3.10418546 3.10418546 3.10418546 3.10418546 3.10418546 3.10418546 3.10418546 3.10418546 3.10418546 3.10418546 3.10418546 3.10418546
2.98234235 2.98234235 2.98234235 2.98234235 2.98234235 2.98234235 2.98234235 2.98234235 2.98234235 2.98234235 2.98234235 2.98234235 2.98234235 2.98234235 2.98234235 2.98234235 2.98234235 2.98234235 2.98234235 2.98234235 2.98234235 2.98234235 2.98234235 2.98234235 2.98234235 2.98234235 2.98234235 2.98234235 2.98234235 2.98234235 2.98234235 2.98234235 2.98234235 2.98234235 2.98234235 2.98234235 2.98234235 2.98234235 2.98234235 2.98234235 2.98234235
2.84300655 2.84300655 2.84300655 2.84300655 2.84300655 2.84300655 2.84300655 2.84300655 2.84300655 2.84300655 2.84300655 2.84300655 2.84300655 2.84300655 2.84300655 2.84300655 2.84300655 2.84300655 2.84300655 2.84300655 2.84300655 2.84300655 2.84300655 2.84300655 2.84300655 2.84300655 2.84300655 2.84300655 2.84300655 2.84300655 2.84300655 2.84300655 2.84300655 2.84300655 2.84300655 2.84300655 2.84300655 2.84300655 2.84300655 2.84300655 2.84300655
2.68572699 2.68572699 2.68572699 2.68572699 2.68572699 2.68572699 2.68572699 2.68572699 2.68572699 2.68572699 2.68572699 2.68572699 2.68572699 2.68572699 2.68572699 2.68572699 2.68572699 2.68572699 2.68572699 2.68572699 2.68572699 2.68572699 2.68572699 2.68572699 2.68572699 2.68572699 2.68572699 2.68572699 2.68572699 2.68572699 2.68572699 2.68572699 2.68572699 2.68572699 2.68572699 2.68572699 2.68572699 2.68572699 2.68572699 2.68572699 2.68572699
2.51000913 2.51000913 2.51000913 2.51000913 2.51000913 2.51000913 2.51000913 2.51000913 2.51000913 2.51000913 2.51000913 2.51000913 2.51000913 2.51000913 2.51000913 2.51000913 2.51000913 2.51000913 2.51000913 2.51000913 2.51000913 2.51000913 2.51000913 2.51000913 2.51000913 2.51000913 2.51000913 2.51000913 2.51000913 2.51000913 2.51000913 2.51000913 2.51000913 2.51000913 2.51000913 2.51000913 2.51000913 2.51000913 2.51000913 2.51000913 2.51000913
2.31531795 2.31531795 2.31531795 2.31531795 2.31531795 2.31531795 2.31531795 2.31531795 2.31531795 2.31531795 2.31531795 2.31531795 2.31531795 2.31531795 2.31531795 2.31531795 2.31531795 2.31531795 2.31531795 2.31531795 2.31531795 2.31531795 2.31531795 2.31531795 2.31531795 2.31531795 2.31531795 2.31531795 2.31531795 2.31531795 2.31531795 2.31531795 2.31531795 2.31531795 2.31531795 2.31531795 2.31531795 2.31531795 2.31531795 2.31531795 2.31531795
2.10108124 2.10108124 2.10108124 2.10108124 2.10108124 2.10108124 2.10108124 2.10108124 2.10108124 2.10108124 2.10108124 2.10108124 2.10108124 2.10108124 2.10108124 2.10108124 2.10108124 2.10108124 2.10108124 2.10108124 2.10108124 2.10108124 2.10108124 2.10108124 2.10108124 2.10108124 2.10108124 2.10108124 2.10108124 2.10108124 2.10108124 2.10108124 2.10108124 2.10108124 2.10108124 2.10108124 2.10108124 2.10108124 2.10108124 2.10108124 2.10108124
1.86669321 1.86669321 1.86669321 1.86669321 1.86669321 1.86669321 1.86669321 1.86669321 1.86669321 1.86669321 1.86669321 1.86669321 1.86669321 1.86669321 1.86669321 1.86669321 1.86669321 1.86669321 1.86669321 1.86669321 1.86669321 1.86669321 1.86669321 1.86669321 1.86669321 1.86669321 1.86669321 1.86669321 1.86669321 1.86669321 1.86669321 1.86669321 1.86669321 1.86669321 1.86669321 1.86669321 1.86669321 1.86669321 1.86669321 1.86669321 1.86669321
1.61151812 1.61151812 1.61151812 1.61151812 1.61151812 1.61151812 1.61151812 1.61151812 1.61151812 1.61151812 1.61151812 1.61151812 1.61151812 1.61151812 1.61151812 1.61151812 1.61151812 1.61151812 1.61151812 1.61151812 1.61151812 1.61151812 1.61151812 1.61151812 1.61151812 1.61151812 1.61151812 1.61151812 1.61151812 1.61151812 1.61151812 1.61151812 1.61151812 1.61151812 1.61151812 1.61151812 1.61151812 1.61151812 1.61151812 1.61151812 1.61151812
1.33489427 1.33489427 1.33489427 1.33489427 1.33489427 1.33489427 1.33489427 1.33489427 1.33489427 1.33489427 1.33489427 1.33489427 1.33489427 1.33489427 1.33489427 1.33489427 1.33489427 1.33489427 1.33489427 1.33489427 1.33489427 1.33489427 1.33489427 1.33489427 1.33489427 1.33489427 1.33489427 1.33489427 1.33489427 1.33489427 1.33489427 1.33489427 1.33489427 1.33489427 1.33489427 1.33489427 1.33489427 1.33489427 1.33489427 1.33489427 1.33489427
1.03613807 1.03613807 1.03613807 1.03613807 1.03613807 1.03613807 1.03613807 1.03613807 1.03613807 1.03613807 1.03613807 1.03613807 1.03613807 1.03613807 1.03613807 1.03613807 1.03613807 1.03613807 1.03613807 1.03613807 1.03613807 1.03613807 1.03613807 1.03613807 1.03613807 1.03613807 1.03613807 1.03613807 1.03613807 1.03613807 1.03613807 1.03613807 1.03613807 1.03613807 1.03613807 1.03613807 1.03613807 1.03613807 1.03613807 1.03613807 1.03613807
0.71454821 0.71454821 0.71454821 0.71454821 0.71454821 0.71454821 0.71454821 0.71454821 0.71454821 0.71454821 0.71454821 0.71454821 0.71454821 0.71454821 0.71454821 0.71454821 0.71454821 0.71454821 0.71454821 0.71454821 0.71454821 0.71454821 0.71454821 0.71454821 0.71454821 0.71454821 0.71454821 0.71454821 0.71454821 0.71454821 0.71454821 0.71454821 0.71454821 0.71454821 0.71454821 0.71454821 0.71454821 0.71454821 0.71454821 0.71454821 0.71454821
0.36941006 0.36941006 0.36941006 0.36941006 0.36941006 0.36941006 0.36941006 0.36941006 0.36941006 0.36941006 0.36941006 0.36941006 0.36941006 0.36941006 0.36941006 0.36941006 0.36941006 0.36941006 0.36941006 0.36941006 0.36941006 0.36941006 0.36941006 0.36941006 0.36941006 0.36941006 0.36941006 0.36941006 0.36941006 0.36941006 0.36941006 0.36941006 0.36941006 0.36941006 0.36941006 0.36941006 0.36941006 0.36941006 0.36941006 0.36941006 0.36941006
0.00000000 0.00000000 0.00000000 0.00000000 0.00000000 0.00000000 0.00000000 0.00000000 0.00000000 0.00000000 0.00000000 0.00000000 0.00000000 0.00000000 0.00000000 0.00000000 0.00000000 0.00000000 0.00000000 0.00000000 0.00000000 0.00000000 0.00000000 0.00000000 0.00000000 0.00000000 0.00000000 0.00000000 0.00000000 0.00000000 0.00000000 0.00000000 0.00000000 0.00000000 0.00000000 0.00000000 0.00000000 0.00000000 0.00000000 0.00000000 0.00000000
