0.00000000 0.01286652 0.02575949 0.03870434 0.05172453 0.06484045 0.07806829 0.09141883 0.10489603 0.11849550 0.13220268 0.14599074 0.15981810 0.17362539 0.18733186 0.20083088 0.21398450 0.22661661 0.23850431 0.24936703 0.25885232 0.26651713 0.27180216 0.27399534 0.27217672 0.26512906 0.25117863 0.22787473 0.19122859 0.13342456 0.03333333
0.00000000 0.01286652 0.02575949 0.03870434 0.05172453 0.06484045 0.07806829 0.09141883 0.10489603 0.11849550 0.13220268 0.14599074 0.15981810 0.17362539 0.18733186 0.20083088 0.21398450 0.22661661 0.23850431 0.24936703 0.25885232 0.26651713 0.27180216 0.27399534 0.27217672 0.26512906 0.25117863 0.22787473 0.19122859 0.13342456 0.03333333
0.00000000 0.01286957 0.02576573 0.03871407 0.05173820 0.06485871 0.07809199 0.09144908 0.10493425 0.11854349 0.13226269 0.14606559 0.15991131 0.17374135 0.18747603 0.20101010 0.21420729 0.22689364 0.23884901 0.24979639 0.25938806 0.26718742 0.27264437 0.27506066 0.27353878 0.26690139 0.25355494 0.23123913 0.19653746 0.14400612 0.06666667
0.00000000 0.01287564 0.02577814 0.03873342 0.05176539 0.06489501 0.07813911 0.09150923 0.10501025 0.11863890 0.13238200 0.14621441 0.16009662 0.17397189 0.18776267 0.20136640 0.21465020 0.22744435 0.23953417 0.25064969 0.26045250 0.26851867 0.27431597 0.27717289 0.27623452 0.27039760 0.25821152 0.23772882 0.20632315 0.16079946 0.10000000
0.00000000 0.01288465 0.02579658 0.03876215 0.05180577 0.06494893 0.07820910 0.09159857 0.10512313 0.11878063 0.13255922 0.14643544 0.16037187 0.17431430 0.18818839 0.20189556 0.21530792 0.22826207 0.24055136 0.25191617 0.26203173 0.27049247 0.27679191 0.28029631 0.28020969 0.27552774 0.26498021 0.24697808 0.21965775 0.18142149 0.13333333
0.00000000 0.01289649 0.02582083 0.03879994 0.05185887 0.06501983 0.07830113 0.09171605 0.10527157 0.11896699 0.13279225 0.14672610 0.16073380 0.17476454 0.18874815 0.20259129 0.21617260 0.22933694 0.24188812 0.25357998 0.26410529 0.27308195 0.28003586 0.28437985 0.28538850 0.28217091 0.27365049 0.25858571 0.23574073 0.20451626 0.16666667
0.00000000 0.01291104 0.02585061 0.03884634 0.05192407 0.06510689 0.07841413 0.09186029 0.10545383 0.11919581 0.13307838 0.14708296 0.16117817 0.17531731 0.18943535 0.20344534 0.21723393 0.23065603 0.24352817 0.25562043 0.26664663 0.27625246 0.28400152 0.28935958 0.29167868 0.29018641 0.28399479 0.27216724 0.25393797 0.22927706 0.20000000
0.00000000 0.01292811 0.02588556 0.03890080 0.05200060 0.06520908 0.07854677 0.09202961 0.10566777 0.11946440 0.13341423 0.14750184 0.16169975 0.17596610 0.19024188 0.20444761 0.21847929 0.23220355 0.24545165 0.25801241 0.26962369 0.27996251 0.28863418 0.29516142 0.29897650 0.29942339 0.29578602 0.28737802 0.27376253 0.25520165 0.23333333
0.00000000 0.01294752 0.02592527 0.03896269 0.05208757 0.06532521 0.07869751 0.09222202 0.10591087 0.11976962 0.13379587 0.14797782 0.16229241 0.17670328 0.19115823 0.20558625 0.21989392 0.23396103 0.24763542 0.26072677 0.27299948 0.28416469 0.29387218 0.30170367 0.30717118 0.30972805 0.30880785 0.30391951 0.29484285 0.28196286 0.26666667
0.00000000 0.01296902 0.02596928 0.03903128 0.05218395 0.06545390 0.07886456 0.09243525 0.10618030 0.12010787 0.13421882 0.14850531 0.16294919 0.17752019 0.19217363 0.20684786 0.22146110 0.23590763 0.25005340 0.26373079 0.27673277 0.28880666 0.29964843 0.30889928 0.31614831 0.32094862 0.32285966 0.32153690 0.31689339 0.30933788 0.30000000
0.00000000 0.01299237 0.02601708 0.03910577 0.05228863 0.06559367 0.07904597 0.09266682 0.10647288 0.12047520 0.13467812 0.14907812 0.16366239 0.17840723 0.19327614 0.20821759 0.22316236 0.23802036 0.25267694 0.26698868 0.28077871 0.29383201 0.30589165 0.31665771 0.32579243 0.33293813 0.33775787 0.34001331 0.33969133 0.33716824 0.33333333
0.00000000 0.01301730 0.02606811 0.03918528 0.05240036 0.06574286 0.07923961 0.09291401 0.10678520 0.12086729 0.13516838 0.14968954 0.16442364 0.17935401 0.19445283 0.20967936 0.22497772 0.24027436 0.25547515 0.27046201 0.28508945 0.29918111 0.31252751 0.32488634 0.33598862 0.34555575 0.35333509 0.35916291 0.36305895 0.36533631 0.36666667
0.00000000 0.01304351 0.02612175 0.03926889 0.05251784 0.06589972 0.07944322 0.09317391 0.10711358 0.12127956 0.13568386 0.15033240 0.16522402 0.18034942 0.19568991 0.21121605 0.22688592 0.24264327 0.25841529 0.27411021 0.28961475 0.30479189 0.31947950 0.33349147 0.34662339 0.35866696 0.36943814 0.37882429 0.38685064 0.39375090 0.40000000
0.00000000 0.01307069 0.02617740 0.03935560 0.05263969 0.06606243 0.07965441 0.09344348 0.10745418 0.12170716 0.13621851 0.15099916 0.16605415 0.18138180 0.19697290 0.21280968 0.22886467 0.24509945 0.26146317 0.27789101 0.29430254 0.31060039 0.32666965 0.34237898 0.35758505 0.37214290 0.38592538 0.39885444 0.41094326 0.42233802 0.43333333
0.00000000 0.01309853 0.02623439 0.03944441 0.05276448 0.06622906 0.07987069 0.09371956 0.10780301 0.12214508 0.13676607 0.15168202 0.16690430 0.18243908 0.19828679 0.21444162 0.23089087 0.24761432 0.26458349 0.28176090 0.29909937 0.31654139 0.33401903 0.35145467 0.36876357 0.38585932 0.40266392 0.41912349 0.43522879 0.45103476 0.46666667
0.00000000 0.01312670 0.02629205 0.03953427 0.05289076 0.06639767 0.08008955 0.09399892 0.10815598 0.12258820 0.13732012 0.15237297 0.16776453 0.18350887 0.19961621 0.21609283 0.23294094 0.25015870 0.26774020 0.28567555 0.30395094 0.32254884 0.34144815 0.36062443 0.38005018 0.39969516 0.41952666 0.43950994 0.45960855 0.47978477 0.50000000
0.00000000 0.01315488 0.02634972 0.03962413 0.05301703 0.06656628 0.08030840 0.09427828 0.10850894 0.12303132 0.13787417 0.15306392 0.16862475 0.18457866 0.20094564 0.21774404 0.23499101 0.25270308 0.27089691 0.28959019 0.30880251 0.32855629 0.34887726 0.36979418 0.39133679 0.41353100 0.43638941 0.45989639 0.48398832 0.50853477 0.53333333
0.00000000 0.01318272 0.02640671 0.03971294 0.05314183 0.06673291 0.08052469 0.09455436 0.10885777 0.12346925 0.13842173 0.15374678 0.16947491 0.18563593 0.20225952 0.21937598 0.23701721 0.25521795 0.27401722 0.29346008 0.31359934 0.33449729 0.35622664 0.37886987 0.40251531 0.42724741 0.45312795 0.48016544 0.50827385 0.53723151 0.56666667
0.00000000 0.01320990 0.02646235 0.03979966 0.05326368 0.06689562 0.08073587 0.09482394 0.10919837 0.12389685 0.13895638 0.15441354 0.17030504 0.18666832 0.20354251 0.22096961 0.23899596 0.25767412 0.27706511 0.29724088 0.31828712 0.34030579 0.36341679 0.38775738 0.41347698 0.44072335 0.46961519 0.50019560 0.53236646 0.56581864 0.60000000
0.00000000 0.01323611 0.02651600 0.03988326 0.05338116 0.06705248 0.08093948 0.09508384 0.10952675 0.12430912 0.13947185 0.15505640 0.17110541 0.18766373 0.20477959 0.22250629 0.24090416 0.26004303 0.28000525 0.30088908 0.32281243 0.34591657 0.37036878 0.39636252 0.42411175 0.45383456 0.48571824 0.51985698 0.55615815 0.59423322 0.63333333
0.00000000 0.01326104 0.02656702 0.03996277 0.05349289 0.06720167 0.08113313 0.09533102 0.10983907 0.12470121 0.13996211 0.15566782 0.17186666 0.18861050 0.20595628 0.22396807 0.24271952 0.26229704 0.28280346 0.30436241 0.32712317 0.35126567 0.37700464 0.40459114 0.43430793 0.46645219 0.50129546 0.53900658 0.57952577 0.62240129 0.66666667
0.00000000 0.01328439 0.02661482 0.04003726 0.05359756 0.06734143 0.08131454 0.09556259 0.11013165 0.12506854 0.14042141 0.15624063 0.17257986 0.18949755 0.20705880 0.22533780 0.24442078 0.26440976 0.28542700 0.30762030 0.33116911 0.35629102 0.38324786 0.41234957 0.44395205 0.47844170 0.51619367 0.55748299 0.60232372 0.65023165 0.70000000
0.00000000 0.01330589 0.02665884 0.04010585 0.05369394 0.06747013 0.08148159 0.09577583 0.11040108 0.12540679 0.14084436 0.15676812 0.17323665 0.19031445 0.20807420 0.22659940 0.24598796 0.26635636 0.28784498 0.31062432 0.33490240 0.36093299 0.38902411 0.41954518 0.45292919 0.48966227 0.53024548 0.57510038 0.62437426 0.67760667 0.73333333
0.00000000 0.01332530 0.02669855 0.04016774 0.05378091 0.06758626 0.08163232 0.09596823 0.11064419 0.12571200 0.14122600 0.15724410 0.17382931 0.19105163 0.20899055 0.22773805 0.24740259 0.26811385 0.29002875 0.31333868 0.33827819 0.36513517 0.39426211 0.42608743 0.46112386 0.49996693 0.54326731 0.59164187 0.64545457 0.70436788 0.76666667
0.00000000 0.01334237 0.02673350 0.04022221 0.05385744 0.06768845 0.08176496 0.09613755 0.11085812 0.12598060 0.14156185 0.15766298 0.17435088 0.19170042 0.20979707 0.22874032 0.24864795 0.26966136 0.29195223 0.31573066 0.34125525 0.36884522 0.39889477 0.43188927 0.46842168 0.50920390 0.55505854 0.60685265 0.66527913 0.73029247 0.80000000
0.00000000 0.01335692 0.02676327 0.04026860 0.05392264 0.06777551 0.08187796 0.09628180 0.11104038 0.12620942 0.14184798 0.15801984 0.17479525 0.19225319 0.21048427 0.22959437 0.24970928 0.27098045 0.29359228 0.31777111 0.34379659 0.37201573 0.40286043 0.43686901 0.47471186 0.51721941 0.56540284 0.62043417 0.68347638 0.75505327 0.83333333
0.00000000 0.01336876 0.02678752 0.04030639 0.05397574 0.06784641 0.08197000 0.09639928 0.11118882 0.12639578 0.14208102 0.15831050 0.17515719 0.19270343 0.21104403 0.23029010 0.25057396 0.27205532 0.29492904 0.31943492 0.34587015 0.37460521 0.40610438 0.44095254 0.47989067 0.52386257 0.57407312 0.63204181 0.69955936 0.77814804 0.86666667
0.00000000 0.01337777 0.02680596 0.04033513 0.05401612 0.06790033 0.08203998 0.09648861 0.11130170 0.12653750 0.14225824 0.15853154 0.17543243 0.19304584 0.21146975 0.23081926 0.25123168 0.27287305 0.29594623 0.32070140 0.34744937 0.37657901 0.40858032 0.44407596 0.48386585 0.52899271 0.58084181 0.64129107 0.71289395 0.79877007 0.90000000
0.00000000 0.01338384 0.02681838 0.04035447 0.05404331 0.06793663 0.08208710 0.09654876 0.11137770 0.12663292 0.14237755 0.15868035 0.17561775 0.19327638 0.21175639 0.23117556 0.25167459 0.27342375 0.29663139 0.32155470 0.34851382 0.37791026 0.41025192 0.44618819 0.48656159 0.53248893 0.58549839 0.64778076 0.72267964 0.81556341 0.93333333
0.00000000 0.01338689 0.02682462 0.04036420 0.05405698 0.06795489 0.08211080 0.09657901 0.11141592 0.12668091 0.14243756 0.15875520 0.17571096 0.19339234 0.21190057 0.23135478 0.25189738 0.27370079 0.29697609 0.32198406 0.34904956 0.37858055 0.41109413 0.44725351 0.48792365 0.53426126 0.58787470 0.65114515 0.72798851 0.82614497 0.96666667
0.00000000 0.01338689 0.02682462 0.04036420 0.05405698 0.06795489 0.08211080 0.09657901 0.11141592 0.12668091 0.14243756 0.15875520 0.17571096 0.19339234 0.21190057 0.23135478 0.25189738 0.27370079 0.29697609 0.32198406 0.34904956 0.37858055 0.41109413 0.44725351 0.48792365 0.53426126 0.58787470 0.65114515 0.72798851 0.82614497 0.96666667
