-0.00002932 -0.00002932 -0.00003634 -0.00004587 -0.00006157 -0.00008322 -0.00011357 -0.00015469 -0.00021019 -0.00028428 -0.00038263 -0.00051228 -0.00068222 -0.00090364 -0.00119049 -0.00156001 -0.00203333 -0.00263637 -0.00340030 -0.00436349 -0.00557072 -0.00707854 -0.00894914 -0.01126844 -0.01411710 -0.01763955 -0.02191947 -0.02725748 -0.03364773 -0.04192598 -0.05155813 -0.06548655 -0.08057880 -0.10856483 -0.13328198 -0.20456753 -0.23720578 -0.45864553 -0.39451742 -1.19634102 0.00000000
-0.00002932 -0.00002932 -0.00003634 -0.00004587 -0.00006157 -0.00008322 -0.00011357 -0.00015469 -0.00021019 -0.00028428 -0.00038263 -0.00051228 -0.00068222 -0.00090364 -0.00119049 -0.00156001 -0.00203333 -0.00263637 -0.00340030 -0.00436349 -0.00557072 -0.00707854 -0.00894914 -0.01126844 -0.01411710 -0.01763955 -0.02191947 -0.02725748 -0.03364773 -0.04192598 -0.05155813 -0.06548655 -0.08057880 -0.10856483 -0.13328198 -0.20456753 -0.23720578 -0.45864553 -0.39451742 -1.19634102 0.00000000
-0.00003244 -0.00003244 -0.00003971 -0.00005002 -0.00006698 -0.00009045 -0.00012338 -0.00016799 -0.00022821 -0.00030858 -0.00041522 -0.00055579 -0.00073997 -0.00097990 -0.00129065 -0.00169090 -0.00220351 -0.00285661 -0.00368406 -0.00472763 -0.00603628 -0.00767208 -0.00970382 -0.01222707 -0.01533310 -0.01918443 -0.02388102 -0.02975726 -0.03682236 -0.04595270 -0.05656646 -0.07146456 -0.08716601 -0.11369568 -0.13444858 -0.18719817 -0.19897031 -0.31388793 -0.23448997 -0.49006293 0.00000000
-0.00003216 -0.00003216 -0.00003928 -0.00004948 -0.00006625 -0.00008951 -0.00012213 -0.00016635 -0.00022605 -0.00030572 -0.00041146 -0.00055083 -0.00073343 -0.00097125 -0.00127920 -0.00167571 -0.00218330 -0.00282964 -0.00364795 -0.00467908 -0.00597075 -0.00758317 -0.00958285 -0.01206113 -0.01510526 -0.01886739 -0.02344181 -0.02913393 -0.03595310 -0.04468305 -0.05479893 -0.06877077 -0.08350217 -0.10775944 -0.12694181 -0.17398677 -0.18502415 -0.28653580 -0.21508631 -0.44782667 0.00000000
-0.00003261 -0.00003261 -0.00003982 -0.00005016 -0.00006717 -0.00009077 -0.00012388 -0.00016875 -0.00022931 -0.00031016 -0.00041744 -0.00055878 -0.00074390 -0.00098493 -0.00129689 -0.00169832 -0.00221186 -0.00286529 -0.00369184 -0.00473221 -0.00603388 -0.00765624 -0.00966467 -0.01214752 -0.01518858 -0.01892957 -0.02345521 -0.02903241 -0.03564804 -0.04393630 -0.05334939 -0.06575347 -0.07829853 -0.09723163 -0.11069214 -0.14065021 -0.14253891 -0.19313288 -0.13868449 -0.23791240 0.00000000
-0.00003131 -0.00003131 -0.00003827 -0.00004825 -0.00006467 -0.00008747 -0.00011945 -0.00016280 -0.00022135 -0.00029950 -0.00040319 -0.00053980 -0.00071869 -0.00095152 -0.00125267 -0.00163991 -0.00213487 -0.00276391 -0.00355847 -0.00455681 -0.00580335 -0.00735296 -0.00926571 -0.01162126 -0.01449474 -0.01800954 -0.02223849 -0.02740533 -0.03349308 -0.04101942 -0.04950703 -0.06046715 -0.07149704 -0.08767502 -0.09915341 -0.12398856 -0.12515482 -0.16716535 -0.11957277 -0.20871737 0.00000000
-0.00003004 -0.00003004 -0.00003680 -0.00004645 -0.00006234 -0.00008438 -0.00011530 -0.00015725 -0.00021389 -0.00028949 -0.00038977 -0.00052188 -0.00069481 -0.00091973 -0.00121045 -0.00158396 -0.00206084 -0.00266601 -0.00342913 -0.00438601 -0.00557779 -0.00705464 -0.00887084 -0.01109655 -0.01379632 -0.01707222 -0.02097891 -0.02568660 -0.03115532 -0.03775146 -0.04502282 -0.05400690 -0.06270989 -0.07458831 -0.08226755 -0.09785644 -0.09609319 -0.11914582 -0.08399707 -0.13672580 0.00000000
-0.00002779 -0.00002779 -0.00003413 -0.00004316 -0.00005801 -0.00007863 -0.00010757 -0.00014686 -0.00019990 -0.00027070 -0.00036466 -0.00048842 -0.00065035 -0.00086086 -0.00113280 -0.00148184 -0.00192689 -0.00249081 -0.00320063 -0.00408860 -0.00519154 -0.00655374 -0.00822265 -0.01025815 -0.01271448 -0.01567481 -0.01918143 -0.02336603 -0.02818657 -0.03391957 -0.04018040 -0.04776133 -0.05503460 -0.06470614 -0.07084089 -0.08315394 -0.08120333 -0.09975927 -0.07000161 -0.11599528 0.00000000
-0.00002538 -0.00002538 -0.00003128 -0.00003964 -0.00005339 -0.00007250 -0.00009934 -0.00013576 -0.00018495 -0.00025066 -0.00033786 -0.00045268 -0.00060287 -0.00079805 -0.00104999 -0.00137300 -0.00178432 -0.00230466 -0.00295824 -0.00377371 -0.00478345 -0.00602575 -0.00754083 -0.00937790 -0.01158003 -0.01421046 -0.01729595 -0.02092673 -0.02504995 -0.02984397 -0.03497175 -0.04095557 -0.04651458 -0.05350437 -0.05757297 -0.06551510 -0.06297915 -0.07448810 -0.05204344 -0.08467256 0.00000000
-0.00002243 -0.00002243 -0.00002774 -0.00003526 -0.00004764 -0.00006486 -0.00008904 -0.00012189 -0.00016631 -0.00022569 -0.00030448 -0.00040826 -0.00054404 -0.00072043 -0.00094797 -0.00123944 -0.00161020 -0.00207850 -0.00266555 -0.00339623 -0.00429847 -0.00540459 -0.00674814 -0.00836918 -0.01030188 -0.01259456 -0.01526493 -0.01837714 -0.02188070 -0.02589983 -0.03015497 -0.03502836 -0.03950004 -0.04499438 -0.04808581 -0.05414741 -0.05178970 -0.06082348 -0.04236725 -0.06950924 0.00000000
-0.00001932 -0.00001932 -0.00002402 -0.00003066 -0.00004160 -0.00005682 -0.00007821 -0.00010734 -0.00014677 -0.00019949 -0.00026951 -0.00036181 -0.00048259 -0.00063947 -0.00084175 -0.00110073 -0.00142981 -0.00184479 -0.00236400 -0.00300868 -0.00380228 -0.00477146 -0.00594337 -0.00734932 -0.00901472 -0.01097372 -0.01323460 -0.01583675 -0.01872902 -0.02198404 -0.02537031 -0.02913537 -0.03250007 -0.03646133 -0.03851415 -0.04254385 -0.04032566 -0.04641644 -0.03230913 -0.05268071 0.00000000
-0.00001592 -0.00001592 -0.00001993 -0.00002560 -0.00003494 -0.00004796 -0.00006632 -0.00009137 -0.00012532 -0.00017080 -0.00023132 -0.00031119 -0.00041576 -0.00055166 -0.00072697 -0.00095138 -0.00123632 -0.00159530 -0.00204385 -0.00259974 -0.00328234 -0.00411344 -0.00511485 -0.00631092 -0.00772068 -0.00936864 -0.01125827 -0.01341437 -0.01579139 -0.01843450 -0.02115740 -0.02413424 -0.02676028 -0.02978695 -0.03128698 -0.03427262 -0.03235964 -0.03699867 -0.02572319 -0.04193141 0.00000000
-0.00001243 -0.00001243 -0.00001573 -0.00002040 -0.00002810 -0.00003889 -0.00005415 -0.00007502 -0.00010339 -0.00014155 -0.00019245 -0.00025972 -0.00034797 -0.00046285 -0.00061117 -0.00080108 -0.00104222 -0.00134592 -0.00172502 -0.00219404 -0.00276874 -0.00346646 -0.00430416 -0.00529998 -0.00646745 -0.00782271 -0.00936498 -0.01110660 -0.01300691 -0.01508767 -0.01720178 -0.01945917 -0.02141002 -0.02358293 -0.02457980 -0.02659275 -0.02497955 -0.02820343 -0.01962833 -0.03179372 0.00000000
-0.00000880 -0.00000880 -0.00001134 -0.00001497 -0.00002097 -0.00002946 -0.00004149 -0.00005805 -0.00008072 -0.00011135 -0.00015237 -0.00020681 -0.00027852 -0.00037213 -0.00049323 -0.00064858 -0.00084616 -0.00109518 -0.00140605 -0.00179051 -0.00226124 -0.00283182 -0.00351535 -0.00432548 -0.00527198 -0.00636556 -0.00760382 -0.00899248 -0.01049795 -0.01212984 -0.01377475 -0.01550492 -0.01698433 -0.01859657 -0.01930353 -0.02074332 -0.01943713 -0.02179094 -0.01517718 -0.02442837 0.00000000
-0.00000512 -0.00000512 -0.00000689 -0.00000948 -0.00001378 -0.00001992 -0.00002872 -0.00004099 -0.00005796 -0.00008108 -0.00011229 -0.00015407 -0.00020946 -0.00028213 -0.00037660 -0.00049832 -0.00065364 -0.00084984 -0.00109522 -0.00139907 -0.00177122 -0.00222202 -0.00276141 -0.00339930 -0.00414238 -0.00499708 -0.00596018 -0.00703241 -0.00818680 -0.00942357 -0.01065890 -0.01193365 -0.01301011 -0.01414604 -0.01461709 -0.01557207 -0.01455848 -0.01615622 -0.01128800 -0.01798765 0.00000000
-0.00000136 -0.00000136 -0.00000235 -0.00000389 -0.00000644 -0.00001022 -0.00001578 -0.00002375 -0.00003496 -0.00005057 -0.00007205 -0.00010125 -0.00014045 -0.00019248 -0.00026088 -0.00034980 -0.00046406 -0.00060934 -0.00079207 -0.00101934 -0.00129860 -0.00163772 -0.00204424 -0.00252528 -0.00308563 -0.00372924 -0.00445348 -0.00525670 -0.00611906 -0.00703621 -0.00794938 -0.00887869 -0.00966193 -0.01046484 -0.01079497 -0.01143410 -0.01068976 -0.01175831 -0.00825288 -0.01297701 0.00000000
0.00000243 0.00000243 0.00000223 0.00000176 0.00000096 -0.00000049 -0.00000281 -0.00000646 -0.00001198 -0.00002018 -0.00003205 -0.00004883 -0.00007215 -0.00010408 -0.00014710 -0.00020417 -0.00027883 -0.00037529 -0.00049821 -0.00065273 -0.00084438 -0.00107892 -0.00136186 -0.00169808 -0.00209119 -0.00254339 -0.00305297 -0.00361687 -0.00422224 -0.00486137 -0.00549787 -0.00613409 -0.00667383 -0.00720201 -0.00742775 -0.00781071 -0.00731997 -0.00794531 -0.00563417 -0.00867062 0.00000000
0.00000628 0.00000628 0.00000689 0.00000750 0.00000844 0.00000935 0.00001029 0.00001096 0.00001110 0.00001027 0.00000799 0.00000350 -0.00000420 -0.00001636 -0.00003448 -0.00006050 -0.00009680 -0.00014613 -0.00021162 -0.00029678 -0.00040558 -0.00054193 -0.00070981 -0.00091261 -0.00115339 -0.00143333 -0.00175239 -0.00210721 -0.00249205 -0.00289724 -0.00330634 -0.00370751 -0.00405994 -0.00438073 -0.00454460 -0.00474216 -0.00448650 -0.00476473 -0.00345687 -0.00509372 0.00000000
0.00001021 0.00001021 0.00001162 0.00001330 0.00001599 0.00001929 0.00002351 0.00002847 0.00003428 0.00004084 0.00004810 0.00005576 0.00006353 0.00007095 0.00007734 0.00008173 0.00008294 0.00007956 0.00006980 0.00005154 0.00002238 -0.00002004 -0.00007854 -0.00015535 -0.00025319 -0.00037258 -0.00051555 -0.00067877 -0.00086349 -0.00105826 -0.00126579 -0.00146036 -0.00165298 -0.00179596 -0.00191788 -0.00195788 -0.00192988 -0.00190051 -0.00150878 -0.00189241 0.00000000
0.00001421 0.00001421 0.00001644 0.00001921 0.00002369 0.00002940 0.00003691 0.00004620 0.00005774 0.00007174 0.00008853 0.00010838 0.00013167 0.00015862 0.00018935 0.00022394 0.00026235 0.00030433 0.00034930 0.00039660 0.00044519 0.00049398 0.00054107 0.00058528 0.00062390 0.00065664 0.00067906 0.00069439 0.00069406 0.00069132 0.00066452 0.00065373 0.00059798 0.00060882 0.00051138 0.00060779 0.00041241 0.00072411 0.00026421 0.00103997 0.00000000
0.00001831 0.00001831 0.00002136 0.00002524 0.00003155 0.00003968 0.00005052 0.00006424 0.00008159 0.00010307 0.00012950 0.00016172 0.00020067 0.00024725 0.00030251 0.00036753 0.00044331 0.00053072 0.00063053 0.00074346 0.00086968 0.00100931 0.00116142 0.00132583 0.00149956 0.00168259 0.00186792 0.00205887 0.00223898 0.00242405 0.00257244 0.00274076 0.00281509 0.00297623 0.00289608 0.00312951 0.00270453 0.00330487 0.00199327 0.00392758 0.00000000
0.00002250 0.00002250 0.00002640 0.00003141 0.00003955 0.00005016 0.00006443 0.00008266 0.00010590 0.00013502 0.00017134 0.00021616 0.00027102 0.00033763 0.00041794 0.00051397 0.00062776 0.00076147 0.00091721 0.00109699 0.00130220 0.00153436 0.00179349 0.00208031 0.00239155 0.00272769 0.00307891 0.00344890 0.00381253 0.00418946 0.00451592 0.00486829 0.00507396 0.00539233 0.00532672 0.00570945 0.00504202 0.00595777 0.00375671 0.00691434 0.00000000
0.00002681 0.00002681 0.00003155 0.00003771 0.00004773 0.00006089 0.00007865 0.00010148 0.00013075 0.00016775 0.00021419 0.00027190 0.00034313 0.00043039 0.00053650 0.00066444 0.00081748 0.00099913 0.00121278 0.00146188 0.00174925 0.00207795 0.00244894 0.00286409 0.00332000 0.00381800 0.00434513 0.00490616 0.00546636 0.00605096 0.00657046 0.00712615 0.00747665 0.00797500 0.00792790 0.00848907 0.00755646 0.00884059 0.00565942 0.01018433 0.00000000
0.00003119 0.00003119 0.00003679 0.00004412 0.00005607 0.00007184 0.00009317 0.00012069 0.00015621 0.00020129 0.00025812 0.00032913 0.00041730 0.00052593 0.00065872 0.00081984 0.00101383 0.00124556 0.00151985 0.00184184 0.00221599 0.00264702 0.00313703 0.00368956 0.00430120 0.00497461 0.00569348 0.00646484 0.00724291 0.00806091 0.00879872 0.00958961 0.01010905 0.01082456 0.01080602 0.01159116 0.01036222 0.01209325 0.00779422 0.01390448 0.00000000
0.00003564 0.00003564 0.00004210 0.00005064 0.00006454 0.00008295 0.00010791 0.00014029 0.00018219 0.00023554 0.00030307 0.00038785 0.00049355 0.00062429 0.00078486 0.00098067 0.00121756 0.00150190 0.00184023 0.00223964 0.00270635 0.00324709 0.00386559 0.00456756 0.00534976 0.00621701 0.00714963 0.00815835 0.00918454 0.01027274 0.01126586 0.01233860 0.01306343 0.01405093 0.01407841 0.01515361 0.01358721 0.01587440 0.01026495 0.01826119 0.00000000
0.00004012 0.00004012 0.00004743 0.00005718 0.00007305 0.00009414 0.00012282 0.00016013 0.00020851 0.00027033 0.00034887 0.00044781 0.00057155 0.00072519 0.00091468 0.00114667 0.00142845 0.00176818 0.00217435 0.00265615 0.00322190 0.00388097 0.00463912 0.00550484 0.00647553 0.00755941 0.00873341 0.01001387 0.01132734 0.01273439 0.01403266 0.01545086 0.01643239 0.01776891 0.01787031 0.01932833 0.01737385 0.02036342 0.01318933 0.02346134 0.00000000
0.00004456 0.00004456 0.00005273 0.00006368 0.00008152 0.00010532 0.00013774 0.00018000 0.00023495 0.00030539 0.00039514 0.00050851 0.00065075 0.00082803 0.00104740 0.00131691 0.00164556 0.00204346 0.00252121 0.00309045 0.00376214 0.00454878 0.00545865 0.00650390 0.00768332 0.00900995 0.01045732 0.01205012 0.01369785 0.01548325 0.01714831 0.01899262 0.02029681 0.02208382 0.02229754 0.02426359 0.02185980 0.02574400 0.01668385 0.02971917 0.00000000
0.00004890 0.00004890 0.00005789 0.00007003 0.00008982 0.00011631 0.00015242 0.00019962 0.00026115 0.00034024 0.00044123 0.00056917 0.00073022 0.00093155 0.00118145 0.00148955 0.00186668 0.00232506 0.00287767 0.00353907 0.00432331 0.00524658 0.00632038 0.00756173 0.00897166 0.01056983 0.01232687 0.01427949 0.01631791 0.01855517 0.02066538 0.02304150 0.02475807 0.02713569 0.02752158 0.03017286 0.02724992 0.03228710 0.02092591 0.03733223 0.00000000
0.00005304 0.00005304 0.00006283 0.00007614 0.00009782 0.00012690 0.00016663 0.00021869 0.00028671 0.00037430 0.00048645 0.00062893 0.00080878 0.00103423 0.00131496 0.00166227 0.00208889 0.00260935 0.00323935 0.00399680 0.00489918 0.00596708 0.00721609 0.00866933 0.01033095 0.01222950 0.01433342 0.01669591 0.01918540 0.02195578 0.02459880 0.02762998 0.02986353 0.03300515 0.03363633 0.03720521 0.03367960 0.04020945 0.02604076 0.04655037 0.00000000
0.00005690 0.00005690 0.00006742 0.00008184 0.00010530 0.00013686 0.00018005 0.00023676 0.00031098 0.00040678 0.00052976 0.00068639 0.00088459 0.00113374 0.00144497 0.00183124 0.00230730 0.00289024 0.00359877 0.00445438 0.00547850 0.00669698 0.00813035 0.00980918 0.01174214 0.01396960 0.01645911 0.01928629 0.02229619 0.02569786 0.02898482 0.03283417 0.03573242 0.03988719 0.04088858 0.04572581 0.04151733 0.05003310 0.03237671 0.05792893 0.00000000
0.00006038 0.00006038 0.00007158 0.00008700 0.00011212 0.00014598 0.00019240 0.00025344 0.00033349 0.00043706 0.00057032 0.00074039 0.00095616 0.00122817 0.00156893 0.00199309 0.00251761 0.00316227 0.00394887 0.00490280 0.00604998 0.00742214 0.00904551 0.01095950 0.01317868 0.01575813 0.01866582 0.02200619 0.02559937 0.02972599 0.03376324 0.03859796 0.04230816 0.04775386 0.04924981 0.05578646 0.05078419 0.06193269 0.03997983 0.07168429 0.00000000
0.00006335 0.00006335 0.00007513 0.00009144 0.00011801 0.00015392 0.00020317 0.00026808 0.00035337 0.00046395 0.00060648 0.00078882 0.00102073 0.00131383 0.00168196 0.00214157 0.00271177 0.00341501 0.00427629 0.00532522 0.00659252 0.00811634 0.00992947 0.01208172 0.01459536 0.01754360 0.02089766 0.02479949 0.02904560 0.03401055 0.03894027 0.04499639 0.04975570 0.05693433 0.05919373 0.06817022 0.06233963 0.07722891 0.04977991 0.08932344 0.00000000
0.00006575 0.00006575 0.00007802 0.00009509 0.00012291 0.00016055 0.00021226 0.00028054 0.00037040 0.00048710 0.00063782 0.00083107 0.00107740 0.00138945 0.00178239 0.00227439 0.00288660 0.00364410 0.00457519 0.00571374 0.00709540 0.00876504 0.01076267 0.01314946 0.01595655 0.01927784 0.02308992 0.02757905 0.03251835 0.03839685 0.04431203 0.05176875 0.05773859 0.06703366 0.07022147 0.08239285 0.07556725 0.09552419 0.06122872 0.11053039 0.00000000
0.00006738 0.00006738 0.00008001 0.00009763 0.00012637 0.00016532 0.00021889 0.00028973 0.00038310 0.00050456 0.00066174 0.00086366 0.00112155 0.00144895 0.00186225 0.00238105 0.00302837 0.00383177 0.00482262 0.00603880 0.00752079 0.00932032 0.01148492 0.01408786 0.01717077 0.02085136 0.02511598 0.03020480 0.03587566 0.04276196 0.04981308 0.05897413 0.06652157 0.07870098 0.08342418 0.10043924 0.09290624 0.12091554 0.07747881 0.14097040 0.00000000
0.00006835 0.00006835 0.00008125 0.00009928 0.00012868 0.00016860 0.00022355 0.00029631 0.00039233 0.00051748 0.00067968 0.00088840 0.00115547 0.00149525 0.00192510 0.00246590 0.00314241 0.00398439 0.00502602 0.00630886 0.00787803 0.00979178 0.01210499 0.01490278 0.01823765 0.02225133 0.02694126 0.03260390 0.03898386 0.04687152 0.05505966 0.06599582 0.07516778 0.09054575 0.09684407 0.11970022 0.11105449 0.14966625 0.09480004 0.17665720 0.00000000
0.00006819 0.00006819 0.00008115 0.00009929 0.00012889 0.00016910 0.00022450 0.00029794 0.00039499 0.00052164 0.00068602 0.00089788 0.00116943 0.00151551 0.00195411 0.00250704 0.00320024 0.00406504 0.00513765 0.00646250 0.00808839 0.01007879 0.01249497 0.01543256 0.01895495 0.02322732 0.02826262 0.03441817 0.04144358 0.05031194 0.05970522 0.07268582 0.08398040 0.10376494 0.11302106 0.14540121 0.13742968 0.19568156 0.12528878 0.24285697 0.00000000
0.00006757 0.00006757 0.00008061 0.00009877 0.00012844 0.00016872 0.00022428 0.00029800 0.00039553 0.00052293 0.00068850 0.00090220 0.00117649 0.00152659 0.00197100 0.00253225 0.00323721 0.00411845 0.00521392 0.00657040 0.00823977 0.01028987 0.01278756 0.01583731 0.01951213 0.02399685 0.02931858 0.03588603 0.04345318 0.05315318 0.06355918 0.07830939 0.09135386 0.11511511 0.12657399 0.16827443 0.15933893 0.23939800 0.14998683 0.31133129 0.00000000
0.00006502 0.00006502 0.00007782 0.00009551 0.00012444 0.00016367 0.00021782 0.00028971 0.00038490 0.00050937 0.00067130 0.00088053 0.00114938 0.00149292 0.00192957 0.00248172 0.00317616 0.00404549 0.00512779 0.00647013 0.00812500 0.01016129 0.01264774 0.01569182 0.01937155 0.02388127 0.02926068 0.03595295 0.04373862 0.05389053 0.06499651 0.08129586 0.09637893 0.12532673 0.14171835 0.20002482 0.19755458 0.32698391 0.21661956 0.50394822 0.00000000
0.00006318 0.00006318 0.00007612 0.00009357 0.00012216 0.00016085 0.00021429 0.00028524 0.00037924 0.00050225 0.00066241 0.00086949 0.00113583 0.00147648 0.00190985 0.00245838 0.00314899 0.00401449 0.00509333 0.00643308 0.00808714 0.01012561 0.01261932 0.01567840 0.01938554 0.02394179 0.02939674 0.03621374 0.04418987 0.05467495 0.06624734 0.08349576 0.09966019 0.13155137 0.14988880 0.21793412 0.21509159 0.37754783 0.24131116 0.63064055 0.00000000
0.00005672 0.00005672 0.00006933 0.00008549 0.00011198 0.00014767 0.00019696 0.00026241 0.00034916 0.00046275 0.00061073 0.00080220 0.00104860 0.00136394 0.00176533 0.00227363 0.00291386 0.00371643 0.00471698 0.00595938 0.00749287 0.00938138 0.01168947 0.01451584 0.01793419 0.02212126 0.02711729 0.03332975 0.04056903 0.05006573 0.06056032 0.07650969 0.09194837 0.12447604 0.14685685 0.23150104 0.25053473 0.51466342 0.39871104 1.31997357 0.00000000
0.00005672 0.00005672 0.00006933 0.00008549 0.00011198 0.00014767 0.00019696 0.00026241 0.00034916 0.00046275 0.00061073 0.00080220 0.00104860 0.00136394 0.00176533 0.00227363 0.00291386 0.00371643 0.00471698 0.00595938 0.00749287 0.00938138 0.01168947 0.01451584 0.01793419 0.02212126 0.02711729 0.03332975 0.04056903 0.05006573 0.06056032 0.07650969 0.09194837 0.12447604 0.14685685 0.23150104 0.25053473 0.51466342 0.39871104 1.31997357 0.00000000
