0.00000000 0.00000000 0.00000000 0.00000000 0.00000000 0.00000000 0.00000000 0.00000000 0.00000000 0.00000000 0.00000000 0.00000000 0.00000000 0.00000000 0.00000000 0.00000000 0.00000000 0.00000000 0.00000000 0.00000000 0.00000000 0.00000000 0.00000000 0.00000000 0.00000000 0.00000000 0.00000000 0.00000000 0.00000000 0.00000000 0.00000000 0.00000000 0.00000000 0.00000000 0.00000000 0.00000000 0.00000000 0.00000000 0.00000000 0.00000000 1.00000000
0.00000000 0.00000045 0.00000061 0.00000078 0.00000105 0.00000145 0.00000201 0.00000280 0.00000388 0.00000534 0.00000733 0.00000999 0.00001352 0.00001819 0.00002431 0.00003226 0.00004250 0.00005557 0.00007208 0.00009271 0.00011813 0.00014896 0.00018556 0.00022779 0.00027426 0.00032158 0.00036155 0.00037845 0.00033988 0.00018897 -0.00017397 -0.00090094 -0.00216085 -0.00413867 -0.00643847 -0.00851446 -0.00467290 0.01048925 0.08554301 0.26994878 1.00000000
0.00000000 0.00000041 0.00000052 0.00000067 0.00000089 0.00000123 0.00000172 0.00000239 0.00000332 0.00000458 0.00000626 0.00000850 0.00001143 0.00001522 0.00002008 0.00002619 0.00003373 0.00004285 0.00005353 0.00006552 0.00007813 0.00008988 0.00009797 0.00009740 0.00007942 0.00002883 -0.00008020 -0.00029280 -0.00068242 -0.00137400 -0.00253691 -0.00441931 -0.00712294 -0.01064126 -0.01340570 -0.01322603 0.00057835 0.03715146 0.15368460 0.37241634 1.00000000
0.00000000 -0.00000001 -0.00000005 -0.00000009 -0.00000012 -0.00000017 -0.00000023 -0.00000033 -0.00000047 -0.00000069 -0.00000103 -0.00000158 -0.00000244 -0.00000380 -0.00000595 -0.00000933 -0.00001462 -0.00002288 -0.00003569 -0.00005548 -0.00008595 -0.00013274 -0.00020441 -0.00031432 -0.00048273 -0.00074219 -0.00114204 -0.00176376 -0.00272428 -0.00421331 -0.00643625 -0.00966213 -0.01373607 -0.01812409 -0.01959128 -0.01353462 0.01489352 0.07910623 0.22856597 0.48503964 1.00000000
0.00000000 -0.00000031 -0.00000050 -0.00000069 -0.00000096 -0.00000133 -0.00000188 -0.00000265 -0.00000374 -0.00000528 -0.00000747 -0.00001055 -0.00001493 -0.00002111 -0.00002988 -0.00004231 -0.00005993 -0.00008497 -0.00012057 -0.00017126 -0.00024357 -0.00034699 -0.00049522 -0.00070862 -0.00101676 -0.00146482 -0.00211794 -0.00307813 -0.00448235 -0.00653694 -0.00942744 -0.01333130 -0.01779647 -0.02166773 -0.02054241 -0.00813211 0.03172164 0.11264968 0.27606289 0.53474412 1.00000000
0.00000000 -0.00000065 -0.00000101 -0.00000137 -0.00000188 -0.00000263 -0.00000369 -0.00000519 -0.00000731 -0.00001029 -0.00001445 -0.00002025 -0.00002835 -0.00003962 -0.00005531 -0.00007711 -0.00010741 -0.00014952 -0.00020804 -0.00028943 -0.00040268 -0.00056057 -0.00078096 -0.00108957 -0.00152247 -0.00213268 -0.00299329 -0.00421323 -0.00592839 -0.00832649 -0.01152794 -0.01555260 -0.01962503 -0.02196126 -0.01733405 0.00187266 0.05153989 0.14595054 0.31636114 0.57752897 1.00000000
0.00000000 -0.00000090 -0.00000137 -0.00000187 -0.00000258 -0.00000359 -0.00000505 -0.00000712 -0.00001002 -0.00001409 -0.00001975 -0.00002763 -0.00003857 -0.00005372 -0.00007466 -0.00010356 -0.00014340 -0.00019826 -0.00027373 -0.00037751 -0.00052016 -0.00071629 -0.00098596 -0.00135724 -0.00186843 -0.00257394 -0.00354599 -0.00488726 -0.00671700 -0.00918362 -0.01233174 -0.01602678 -0.01925187 -0.01979446 -0.01202644 0.01221002 0.06811435 0.16927697 0.34181488 0.59892389 1.00000000
0.00000000 -0.00000112 -0.00000171 -0.00000233 -0.00000321 -0.00000447 -0.00000628 -0.00000884 -0.00001243 -0.00001743 -0.00002438 -0.00003402 -0.00004733 -0.00006568 -0.00009089 -0.00012548 -0.00017283 -0.00023751 -0.00032573 -0.00044589 -0.00060931 -0.00083135 -0.00113265 -0.00154135 -0.00209477 -0.00284415 -0.00385475 -0.00521469 -0.00701718 -0.00936091 -0.01221210 -0.01529230 -0.01740474 -0.01602273 -0.00537598 0.02301173 0.08334630 0.18909403 0.36180057 0.61605198 1.00000000
0.00000000 -0.00000128 -0.00000195 -0.00000265 -0.00000365 -0.00000508 -0.00000714 -0.00001003 -0.00001408 -0.00001972 -0.00002753 -0.00003832 -0.00005317 -0.00007355 -0.00010144 -0.00013949 -0.00019127 -0.00026154 -0.00035669 -0.00048520 -0.00065836 -0.00089121 -0.00120352 -0.00162161 -0.00217944 -0.00292215 -0.00390495 -0.00519852 -0.00686946 -0.00897124 -0.01140830 -0.01379938 -0.01484223 -0.01184452 0.00096712 0.03210464 0.09505940 0.20290178 0.37500224 0.62590613 1.00000000
0.00000000 -0.00000140 -0.00000214 -0.00000290 -0.00000399 -0.00000556 -0.00000779 -0.00001093 -0.00001531 -0.00002139 -0.00002978 -0.00004134 -0.00005717 -0.00007881 -0.00010826 -0.00014823 -0.00020228 -0.00027514 -0.00037304 -0.00050418 -0.00067925 -0.00091223 -0.00122111 -0.00162925 -0.00216594 -0.00286875 -0.00378155 -0.00495703 -0.00643658 -0.00823395 -0.01020531 -0.01189318 -0.01193671 -0.00754463 0.00698170 0.04015824 0.10482552 0.21396892 0.38516866 0.63370001 1.00000000
0.00000000 -0.00000148 -0.00000226 -0.00000306 -0.00000420 -0.00000584 -0.00000817 -0.00001144 -0.00001598 -0.00002227 -0.00003093 -0.00004280 -0.00005900 -0.00008102 -0.00011086 -0.00015111 -0.00020523 -0.00027768 -0.00037431 -0.00050269 -0.00067253 -0.00089628 -0.00118965 -0.00157251 -0.00206910 -0.00270942 -0.00352679 -0.00455836 -0.00582545 -0.00731245 -0.00884380 -0.00991597 -0.00914375 -0.00369761 0.01203668 0.04652046 0.11217714 0.22186411 0.39223703 0.63878102 1.00000000
0.00000000 -0.00000154 -0.00000234 -0.00000316 -0.00000434 -0.00000601 -0.00000839 -0.00001172 -0.00001633 -0.00002268 -0.00003139 -0.00004328 -0.00005944 -0.00008129 -0.00011073 -0.00015021 -0.00020294 -0.00027304 -0.00036581 -0.00048801 -0.00064817 -0.00085702 -0.00112777 -0.00147674 -0.00192316 -0.00248999 -0.00320118 -0.00408078 -0.00513431 -0.00632424 -0.00745431 -0.00799182 -0.00654649 -0.00027266 0.01635507 0.05176086 0.11803456 0.22802979 0.39765040 0.64278061 1.00000000
0.00000000 -0.00000157 -0.00000238 -0.00000321 -0.00000439 -0.00000607 -0.00000846 -0.00001177 -0.00001635 -0.00002264 -0.00003122 -0.00004288 -0.00005864 -0.00007985 -0.00010826 -0.00014612 -0.00019634 -0.00026261 -0.00034963 -0.00046327 -0.00061082 -0.00080126 -0.00104542 -0.00135629 -0.00174872 -0.00223970 -0.00284570 -0.00358086 -0.00443959 -0.00537001 -0.00616433 -0.00627494 -0.00431638 0.00255582 0.01979648 0.05579040 0.12241519 0.23251216 0.40154103 0.64559143 1.00000000
0.00000000 -0.00000159 -0.00000241 -0.00000324 -0.00000442 -0.00000609 -0.00000845 -0.00001172 -0.00001622 -0.00002238 -0.00003074 -0.00004204 -0.00005724 -0.00007757 -0.00010464 -0.00014047 -0.00018766 -0.00024947 -0.00032994 -0.00043409 -0.00056801 -0.00073906 -0.00095586 -0.00122850 -0.00156805 -0.00198661 -0.00249473 -0.00309907 -0.00378627 -0.00449491 -0.00501110 -0.00477964 -0.00242437 0.00489401 0.02257092 0.05896786 0.12580171 0.23594109 0.40448876 0.64776958 1.00000000
0.00000000 -0.00000160 -0.00000243 -0.00000325 -0.00000442 -0.00000607 -0.00000840 -0.00001161 -0.00001601 -0.00002200 -0.00003009 -0.00004097 -0.00005553 -0.00007489 -0.00010049 -0.00013415 -0.00017816 -0.00023535 -0.00030918 -0.00040387 -0.00052445 -0.00067683 -0.00086779 -0.00110499 -0.00139651 -0.00175068 -0.00217370 -0.00266707 -0.00321240 -0.00374267 -0.00404158 -0.00355143 -0.00090592 0.00672640 0.02469780 0.06135145 0.12830030 0.23843343 0.40662058 0.64933791 1.00000000
0.00000000 -0.00000162 -0.00000245 -0.00000327 -0.00000443 -0.00000607 -0.00000836 -0.00001152 -0.00001583 -0.00002166 -0.00002951 -0.00004000 -0.00005396 -0.00007242 -0.00009667 -0.00012834 -0.00016944 -0.00022241 -0.00029023 -0.00037641 -0.00048507 -0.00062094 -0.00078926 -0.00099578 -0.00124621 -0.00154603 -0.00189831 -0.00230091 -0.00273227 -0.00312202 -0.00325338 -0.00256833 0.00029026 0.00814691 0.02632113 0.06314583 0.13015866 0.24027642 0.40818917 0.65051126 1.00000000
0.00000000 -0.00000164 -0.00000248 -0.00000330 -0.00000446 -0.00000609 -0.00000837 -0.00001149 -0.00001573 -0.00002145 -0.00002912 -0.00003932 -0.00005280 -0.00007053 -0.00009370 -0.00012375 -0.00016247 -0.00021201 -0.00027492 -0.00035416 -0.00045313 -0.00057564 -0.00072576 -0.00090777 -0.00112568 -0.00138294 -0.00168044 -0.00201374 -0.00235934 -0.00264521 -0.00265492 -0.00183142 0.00117522 0.00918338 0.02749047 0.06442198 0.13146779 0.24156426 0.40928312 0.65133068 1.00000000
0.00000000 -0.00000168 -0.00000253 -0.00000336 -0.00000453 -0.00000617 -0.00000846 -0.00001157 -0.00001580 -0.00002148 -0.00002906 -0.00003909 -0.00005232 -0.00006961 -0.00009208 -0.00012107 -0.00015819 -0.00020538 -0.00026486 -0.00033920 -0.00043128 -0.00054423 -0.00068126 -0.00084564 -0.00104015 -0.00126687 -0.00152522 -0.00180927 -0.00209437 -0.00230766 -0.00223328 -0.00131539 0.00179073 0.00989880 0.02829152 0.06528986 0.13235259 0.24243194 0.41001870 0.65188815 1.00000000
0.00000000 -0.00000172 -0.00000260 -0.00000345 -0.00000464 -0.00000631 -0.00000863 -0.00001178 -0.00001606 -0.00002178 -0.00002939 -0.00003944 -0.00005264 -0.00006984 -0.00009209 -0.00012067 -0.00015712 -0.00020320 -0.00026098 -0.00033278 -0.00042112 -0.00052873 -0.00065828 -0.00081241 -0.00099313 -0.00120168 -0.00143657 -0.00169102 -0.00193971 -0.00210944 -0.00198471 -0.00101083 0.00215399 0.01031996 0.02876195 0.06579708 0.13286851 0.24293562 0.41044646 0.65221291 1.00000000
0.00000000 -0.00000178 -0.00000269 -0.00000357 -0.00000480 -0.00000651 -0.00000889 -0.00001214 -0.00001652 -0.00002237 -0.00003015 -0.00004041 -0.00005385 -0.00007132 -0.00009389 -0.00012281 -0.00015957 -0.00020592 -0.00026385 -0.00033559 -0.00042353 -0.00053020 -0.00065806 -0.00080942 -0.00098592 -0.00118839 -0.00141488 -0.00165819 -0.00189253 -0.00204462 -0.00189889 -0.00090141 0.00228874 0.01047945 0.02894332 0.06599400 0.13307069 0.24313278 0.41061553 0.65234288 1.00000000
0.00000000 -0.00000185 -0.00000280 -0.00000371 -0.00000499 -0.00000677 -0.00000925 -0.00001262 -0.00001717 -0.00002325 -0.00003133 -0.00004198 -0.00005593 -0.00007407 -0.00009747 -0.00012746 -0.00016555 -0.00021357 -0.00027355 -0.00034777 -0.00043870 -0.00054891 -0.00068092 -0.00083705 -0.00101896 -0.00122745 -0.00146046 -0.00171075 -0.00195224 -0.00211167 -0.00197281 -0.00098215 0.00220263 0.01038799 0.02884970 0.06589759 0.13297840 0.24304270 0.41054331 0.65228875 1.00000000
0.00000000 -0.00000193 -0.00000291 -0.00000387 -0.00000521 -0.00000708 -0.00000967 -0.00001320 -0.00001798 -0.00002437 -0.00003287 -0.00004409 -0.00005880 -0.00007795 -0.00010270 -0.00013445 -0.00017486 -0.00022588 -0.00028974 -0.00036892 -0.00046614 -0.00058429 -0.00072617 -0.00089450 -0.00109127 -0.00131768 -0.00157189 -0.00184698 -0.00211671 -0.00230794 -0.00220322 -0.00124902 0.00190054 0.01005140 0.02848787 0.06551547 0.13259961 0.24267369 0.41023695 0.65205704 1.00000000
0.00000000 -0.00000201 -0.00000303 -0.00000404 -0.00000544 -0.00000740 -0.00001013 -0.00001386 -0.00001890 -0.00002567 -0.00003468 -0.00004661 -0.00006229 -0.00008276 -0.00010928 -0.00014342 -0.00018703 -0.00024227 -0.00031169 -0.00039815 -0.00050480 -0.00063507 -0.00079238 -0.00098017 -0.00120115 -0.00145736 -0.00174759 -0.00206571 -0.00238545 -0.00263405 -0.00259226 -0.00170627 0.00137574 0.00945999 0.02784531 0.06483239 0.13191785 0.24200889 0.40968247 0.65163784 1.00000000
0.00000000 -0.00000207 -0.00000315 -0.00000420 -0.00000567 -0.00000772 -0.00001059 -0.00001452 -0.00001986 -0.00002704 -0.00003663 -0.00004936 -0.00006616 -0.00008817 -0.00011681 -0.00015384 -0.00020134 -0.00026184 -0.00033828 -0.00043404 -0.00055294 -0.00069917 -0.00087709 -0.00109124 -0.00134550 -0.00164326 -0.00198448 -0.00236435 -0.00275696 -0.00309035 -0.00314306 -0.00236092 0.00061632 0.00859593 0.02689824 0.06381883 0.13090039 0.24101475 0.40885125 0.65101205 1.00000000
0.00000000 -0.00000213 -0.00000324 -0.00000433 -0.00000586 -0.00000801 -0.00001102 -0.00001515 -0.00002077 -0.00002836 -0.00003855 -0.00005213 -0.00007011 -0.00009378 -0.00012475 -0.00016498 -0.00021688 -0.00028339 -0.00036796 -0.00047467 -0.00060814 -0.00077366 -0.00097684 -0.00122374 -0.00151993 -0.00187082 -0.00227818 -0.00273936 -0.00322943 -0.00367805 -0.00386138 -0.00322523 -0.00039821 0.00742866 0.02560582 0.06242383 0.12949048 0.23963252 0.40769307 0.65014478 1.00000000
0.00000000 -0.00000216 -0.00000329 -0.00000442 -0.00000600 -0.00000822 -0.00001135 -0.00001565 -0.00002153 -0.00002951 -0.00004025 -0.00005464 -0.00007379 -0.00009912 -0.00013243 -0.00017597 -0.00023250 -0.00030541 -0.00039879 -0.00051752 -0.00066727 -0.00085465 -0.00108688 -0.00137204 -0.00171801 -0.00213296 -0.00262140 -0.00318400 -0.00379783 -0.00439547 -0.00475107 -0.00431138 -0.00169118 0.00592062 0.02391536 0.06057926 0.12761033 0.23778031 0.40613722 0.64898753 1.00000000
0.00000000 -0.00000216 -0.00000330 -0.00000444 -0.00000605 -0.00000833 -0.00001153 -0.00001596 -0.00002204 -0.00003032 -0.00004153 -0.00005661 -0.00007678 -0.00010362 -0.00013912 -0.00018580 -0.00024682 -0.00032609 -0.00042838 -0.00055951 -0.00072637 -0.00093713 -0.00120102 -0.00152866 -0.00193092 -0.00241972 -0.00300348 -0.00368776 -0.00445318 -0.00523745 -0.00581379 -0.00563201 -0.00329051 0.00402357 0.02175610 0.05819042 0.12514932 0.23533910 0.40408013 0.64746748 1.00000000
0.00000000 -0.00000212 -0.00000325 -0.00000439 -0.00000600 -0.00000828 -0.00001151 -0.00001600 -0.00002219 -0.00003065 -0.00004217 -0.00005774 -0.00007869 -0.00010671 -0.00014401 -0.00019338 -0.00025835 -0.00034339 -0.00045400 -0.00059703 -0.00078069 -0.00101497 -0.00131146 -0.00168383 -0.00214673 -0.00271694 -0.00340824 -0.00423310 -0.00517803 -0.00618904 -0.00704079 -0.00718991 -0.00521685 0.00169124 0.01905151 0.05514658 0.12197167 0.23215757 0.40138778 0.64549143 1.00000000
0.00000000 -0.00000202 -0.00000312 -0.00000423 -0.00000581 -0.00000806 -0.00001125 -0.00001570 -0.00002187 -0.00003035 -0.00004195 -0.00005771 -0.00007904 -0.00010775 -0.00014621 -0.00019746 -0.00026541 -0.00035502 -0.00047255 -0.00062586 -0.00082462 -0.00108078 -0.00140856 -0.00182523 -0.00234997 -0.00300567 -0.00381322 -0.00479459 -0.00594540 -0.00722459 -0.00841251 -0.00897910 -0.00748723 -0.00112885 0.01570453 0.05129718 0.11788467 0.22801179 0.39785835 0.64291086 1.00000000
0.00000000 -0.00000188 -0.00000291 -0.00000397 -0.00000547 -0.00000763 -0.00001070 -0.00001500 -0.00002100 -0.00002929 -0.00004068 -0.00005627 -0.00007747 -0.00010621 -0.00014495 -0.00019695 -0.00026640 -0.00035873 -0.00048088 -0.00064167 -0.00085219 -0.00112642 -0.00148137 -0.00193826 -0.00252153 -0.00326134 -0.00418759 -0.00533472 -0.00671156 -0.00829615 -0.00988126 -0.01096027 -0.01008287 -0.00445574 0.01164225 0.04649822 0.11268085 0.22264161 0.39324758 0.63954855 1.00000000
0.00000000 -0.00000168 -0.00000261 -0.00000358 -0.00000497 -0.00000696 -0.00000982 -0.00001385 -0.00001950 -0.00002734 -0.00003819 -0.00005312 -0.00007358 -0.00010148 -0.00013937 -0.00019061 -0.00025959 -0.00035207 -0.00047550 -0.00063956 -0.00085659 -0.00114246 -0.00151696 -0.00200539 -0.00263794 -0.00345303 -0.00449148 -0.00580346 -0.00741614 -0.00933469 -0.01137461 -0.01306841 -0.01296403 -0.00830252 0.00676945 0.04053749 0.10603515 0.21561244 0.38713483 0.63505834 1.00000000
0.00000000 -0.00000142 -0.00000222 -0.00000307 -0.00000430 -0.00000607 -0.00000862 -0.00001224 -0.00001734 -0.00002447 -0.00003441 -0.00004818 -0.00006718 -0.00009329 -0.00012903 -0.00017774 -0.00024388 -0.00033335 -0.00045390 -0.00061575 -0.00083219 -0.00112062 -0.00150330 -0.00200932 -0.00267458 -0.00354619 -0.00467726 -0.00613639 -0.00797436 -0.01023241 -0.01276243 -0.01515738 -0.01598557 -0.01255611 0.00112348 0.03332165 0.09770061 0.20651473 0.37907822 0.62908226 1.00000000
0.00000000 -0.00000110 -0.00000174 -0.00000244 -0.00000345 -0.00000492 -0.00000706 -0.00001012 -0.00001446 -0.00002059 -0.00002919 -0.00004122 -0.00005797 -0.00008118 -0.00011323 -0.00015733 -0.00021779 -0.00030039 -0.00041287 -0.00056556 -0.00077217 -0.00105102 -0.00142605 -0.00192938 -0.00260192 -0.00349900 -0.00468646 -0.00625313 -0.00827855 -0.01084962 -0.01387271 -0.01703060 -0.01895171 -0.01707201 -0.00528061 0.02462526 0.08715225 0.19445448 0.36809377 0.62064122 1.00000000
0.00000000 -0.00000074 -0.00000119 -0.00000171 -0.00000246 -0.00000358 -0.00000522 -0.00000759 -0.00001100 -0.00001586 -0.00002276 -0.00003252 -0.00004627 -0.00006553 -0.00009244 -0.00012988 -0.00018181 -0.00025360 -0.00035255 -0.00048859 -0.00067512 -0.00093043 -0.00127898 -0.00175438 -0.00240085 -0.00327991 -0.00446855 -0.00607471 -0.00820874 -0.01100903 -0.01445392 -0.01834692 -0.02143362 -0.02136037 -0.01197697 0.01476091 0.07438906 0.17900853 0.35347322 0.60902399 1.00000000
0.00000000 -0.00000031 -0.00000055 -0.00000086 -0.00000131 -0.00000201 -0.00000304 -0.00000458 -0.00000684 -0.00001014 -0.00001492 -0.00002182 -0.00003172 -0.00004587 -0.00006599 -0.00009447 -0.00013466 -0.00019116 -0.00027035 -0.00038108 -0.00053554 -0.00075070 -0.00104988 -0.00146589 -0.00204340 -0.00284639 -0.00395903 -0.00550380 -0.00762017 -0.01049898 -0.01420772 -0.01870437 -0.02293618 -0.02488986 -0.01855712 0.00372937 0.05868134 0.15829352 0.33267947 0.59101207 1.00000000
0.00000000 0.00000012 0.00000009 0.00000001 -0.00000014 -0.00000038 -0.00000078 -0.00000143 -0.00000245 -0.00000405 -0.00000650 -0.00001024 -0.00001584 -0.00002418 -0.00003648 -0.00005452 -0.00008077 -0.00011879 -0.00017360 -0.00025229 -0.00036494 -0.00052588 -0.00075537 -0.00108268 -0.00154908 -0.00221544 -0.00316591 -0.00452723 -0.00645741 -0.00918625 -0.01287006 -0.01762975 -0.02269386 -0.02651487 -0.02353084 -0.00674829 0.04147531 0.13315293 0.30539437 0.56596451 1.00000000
0.00000000 0.00000063 0.00000084 0.00000100 0.00000120 0.00000147 0.00000179 0.00000216 0.00000255 0.00000290 0.00000311 0.00000303 0.00000240 0.00000080 -0.00000240 -0.00000816 -0.00001793 -0.00003387 -0.00005920 -0.00009864 -0.00015917 -0.00025106 -0.00038945 -0.00059689 -0.00090667 -0.00136946 -0.00205961 -0.00309285 -0.00462787 -0.00690660 -0.01015998 -0.01465773 -0.01999840 -0.02525038 -0.02580215 -0.01593415 0.02214174 0.09989341 0.26484873 0.52242877 1.00000000
0.00000000 0.00000103 0.00000142 0.00000177 0.00000225 0.00000292 0.00000383 0.00000504 0.00000660 0.00000859 0.00001108 0.00001413 0.00001782 0.00002214 0.00002703 0.00003231 0.00003755 0.00004198 0.00004425 0.00004216 0.00003210 0.00000840 -0.00003794 -0.00012096 -0.00026286 -0.00049867 -0.00088374 -0.00150696 -0.00250288 -0.00408343 -0.00650179 -0.01009353 -0.01480200 -0.02027545 -0.02327806 -0.01971287 0.00649930 0.06645803 0.21659591 0.46753509 1.00000000
0.00000000 0.00000154 0.00000207 0.00000261 0.00000337 0.00000446 0.00000597 0.00000802 0.00001073 0.00001432 0.00001899 0.00002504 0.00003281 0.00004269 0.00005515 0.00007067 0.00008980 0.00011306 0.00014084 0.00017336 0.00021034 0.00025078 0.00029214 0.00032982 0.00035457 0.00035127 0.00029094 0.00012732 -0.00022552 -0.00089866 -0.00210542 -0.00411927 -0.00717256 -0.01134045 -0.01529434 -0.01706678 -0.00563720 0.02702509 0.14304082 0.35682156 1.00000000
0.00000000 0.00000117 0.00000158 0.00000201 0.00000261 0.00000348 0.00000469 0.00000633 0.00000853 0.00001145 0.00001531 0.00002035 0.00002691 0.00003538 0.00004625 0.00006009 0.00007759 0.00009953 0.00012680 0.00016039 0.00020129 0.00025049 0.00030862 0.00037601 0.00045128 0.00053168 0.00060789 0.00066524 0.00066572 0.00055424 0.00020801 -0.00052202 -0.00188697 -0.00405567 -0.00685822 -0.00960052 -0.00691623 0.00741854 0.08205931 0.26703948 1.00000000
0.00000000 0.00000000 0.00000000 0.00000000 0.00000000 0.00000000 0.00000000 0.00000000 0.00000000 0.00000000 0.00000000 0.00000000 0.00000000 0.00000000 0.00000000 0.00000000 0.00000000 0.00000000 0.00000000 0.00000000 0.00000000 0.00000000 0.00000000 0.00000000 0.00000000 0.00000000 0.00000000 0.00000000 0.00000000 0.00000000 0.00000000 0.00000000 0.00000000 0.00000000 0.00000000 0.00000000 0.00000000 0.00000000 0.00000000 0.00000000 0.00000000
