0.00000000 0.00000000 0.00000000 0.00000000 0.00000000 0.00000000 0.00000000 0.00000000 0.00000000 0.00000000 0.00000000 0.00000000 0.00000000 0.00000000 0.00000000 0.00000000 0.00000000 0.00000000 0.00000000 0.00000000 0.00000000 0.00000000 0.00000000 0.00000000 0.00000000 0.00000000 0.00000000 0.00000000 0.00000000 0.00000000 0.00000000 0.00000000 0.00000000 0.00000000 0.00000000 0.00000000 0.00000000 0.00000000 0.00000000 0.00000000 0.00000000
0.00000000 0.00000187 0.00000415 0.00000667 0.00001000 0.00001436 0.00002028 0.00002830 0.00003919 0.00005392 0.00007379 0.00010046 0.00013608 0.00018342 0.00024605 0.00032851 0.00043661 0.00057769 0.00076109 0.00099858 0.00130521 0.00169970 0.00220672 0.00285628 0.00369065 0.00475865 0.00613996 0.00791563 0.01026070 0.01330658 0.01750653 0.02299337 0.03104963 0.04107111 0.05680374 0.07197966 0.09939265 0.10084926 0.13541949 -0.01188110 0.00000000
0.00000000 0.00000249 0.00000555 0.00000902 0.00001358 0.00001959 0.00002778 0.00003893 0.00005415 0.00007486 0.00010292 0.00014079 0.00019163 0.00025959 0.00035000 0.00046973 0.00062758 0.00083482 0.00110586 0.00145897 0.00191765 0.00251144 0.00327912 0.00426860 0.00554604 0.00718984 0.00932064 0.01206654 0.01567090 0.02032543 0.02657241 0.03453872 0.04546754 0.05831412 0.07585310 0.09036605 0.10955166 0.09972702 0.09668589 -0.00570170 0.00000000
0.00000000 0.00000263 0.00000588 0.00000959 0.00001447 0.00002092 0.00002974 0.00004177 0.00005825 0.00008072 0.00011127 0.00015260 0.00020825 0.00028284 0.00038234 0.00051448 0.00068918 0.00091916 0.00122070 0.00161451 0.00212717 0.00279212 0.00365296 0.00476356 0.00619691 0.00803950 0.01041915 0.01347117 0.01743522 0.02249330 0.02912310 0.03736993 0.04817704 0.06026260 0.07543609 0.08608051 0.09777576 0.08230008 0.07168686 -0.00846500 0.00000000
0.00000000 0.00000265 0.00000592 0.00000966 0.00001459 0.00002112 0.00003003 0.00004221 0.00005889 0.00008166 0.00011261 0.00015451 0.00021095 0.00028661 0.00038755 0.00052159 0.00069879 0.00093195 0.00123748 0.00163611 0.00215433 0.00282516 0.00369119 0.00480434 0.00623340 0.00805779 0.01039055 0.01334420 0.01710914 0.02180097 0.02774181 0.03482321 0.04354768 0.05252576 0.06251672 0.06741254 0.07037013 0.05382654 0.03923282 -0.01000572 0.00000000
0.00000000 0.00000256 0.00000573 0.00000935 0.00001412 0.00002044 0.00002908 0.00004088 0.00005704 0.00007910 0.00010908 0.00014964 0.00020424 0.00027736 0.00037482 0.00050406 0.00067461 0.00089856 0.00119128 0.00157204 0.00206517 0.00270066 0.00351654 0.00455817 0.00588415 0.00755959 0.00967369 0.01230745 0.01559401 0.01958310 0.02446205 0.03001944 0.03648280 0.04251270 0.04850005 0.04959663 0.04868994 0.03332012 0.02190159 -0.01292352 0.00000000
0.00000000 0.00000244 0.00000545 0.00000888 0.00001342 0.00001942 0.00002763 0.00003883 0.00005417 0.00007508 0.00010348 0.00014185 0.00019342 0.00026238 0.00035408 0.00047538 0.00063498 0.00084385 0.00111577 0.00146780 0.00192118 0.00250160 0.00324087 0.00417580 0.00535221 0.00681803 0.00863562 0.01085223 0.01354409 0.01670244 0.02039931 0.02436844 0.02864014 0.03207813 0.03483217 0.03353245 0.03045458 0.01798353 0.00950358 -0.01282513 0.00000000
0.00000000 0.00000226 0.00000505 0.00000823 0.00001243 0.00001799 0.00002559 0.00003597 0.00005017 0.00006951 0.00009575 0.00013114 0.00017864 0.00024201 0.00032607 0.00043695 0.00058235 0.00077186 0.00101742 0.00133357 0.00173812 0.00225213 0.00290095 0.00371287 0.00472163 0.00595977 0.00746708 0.00926492 0.01138874 0.01379508 0.01649000 0.01920261 0.02188956 0.02362716 0.02456128 0.02226553 0.01888214 0.00897301 0.00344634 -0.01241233 0.00000000
0.00000000 0.00000206 0.00000459 0.00000748 0.00001130 0.00001635 0.00002326 0.00003270 0.00004560 0.00006316 0.00008694 0.00011898 0.00016189 0.00021900 0.00029455 0.00039386 0.00052360 0.00069192 0.00090887 0.00118645 0.00153908 0.00198331 0.00253842 0.00322490 0.00406579 0.00508064 0.00629096 0.00769901 0.00931120 0.01106614 0.01293135 0.01466303 0.01618758 0.01681278 0.01667177 0.01414416 0.01098969 0.00357520 0.00004871 -0.01076435 0.00000000
0.00000000 0.00000182 0.00000407 0.00000663 0.00001001 0.00001450 0.00002064 0.00002903 0.00004048 0.00005606 0.00007715 0.00010552 0.00014343 0.00019378 0.00026020 0.00034723 0.00046045 0.00060669 0.00079414 0.00103248 0.00133300 0.00170833 0.00217262 0.00274001 0.00342527 0.00423862 0.00518925 0.00626833 0.00746654 0.00871905 0.00998074 0.01104709 0.01185267 0.01188349 0.01129618 0.00895127 0.00635731 0.00078700 -0.00133431 -0.00920402 0.00000000
0.00000000 0.00000158 0.00000352 0.00000573 0.00000866 0.00001256 0.00001789 0.00002518 0.00003514 0.00004868 0.00006700 0.00009159 0.00012442 0.00016792 0.00022514 0.00029988 0.00039672 0.00052121 0.00067991 0.00088039 0.00113125 0.00144178 0.00182190 0.00228074 0.00282685 0.00346384 0.00419272 0.00499883 0.00586472 0.00673000 0.00754799 0.00815766 0.00850718 0.00823344 0.00748679 0.00549697 0.00345800 -0.00060382 -0.00185503 -0.00746999 0.00000000
0.00000000 0.00000131 0.00000294 0.00000479 0.00000725 0.00001054 0.00001505 0.00002121 0.00002965 0.00004112 0.00005663 0.00007745 0.00010520 0.00014192 0.00019011 0.00025286 0.00033390 0.00043761 0.00056915 0.00073429 0.00093946 0.00119129 0.00149648 0.00186059 0.00228794 0.00277821 0.00332794 0.00392079 0.00453728 0.00512550 0.00564461 0.00597173 0.00607232 0.00568896 0.00496529 0.00335666 0.00181794 -0.00116279 -0.00186608 -0.00600732 0.00000000
0.00000000 0.00000105 0.00000235 0.00000384 0.00000583 0.00000851 0.00001219 0.00001725 0.00002418 0.00003362 0.00004639 0.00006355 0.00008641 0.00011662 0.00015622 0.00020766 0.00027389 0.00035835 0.00046494 0.00059803 0.00076225 0.00096219 0.00120217 0.00148523 0.00181292 0.00218270 0.00258894 0.00301589 0.00344488 0.00383375 0.00414910 0.00430087 0.00426715 0.00387150 0.00323677 0.00198762 0.00085124 -0.00129465 -0.00167629 -0.00468115 0.00000000
0.00000000 0.00000078 0.00000175 0.00000288 0.00000441 0.00000648 0.00000935 0.00001332 0.00001878 0.00002625 0.00003639 0.00005003 0.00006823 0.00009230 0.00012384 0.00016478 0.00021740 0.00028432 0.00036849 0.00047311 0.00060147 0.00075668 0.00094142 0.00115714 0.00140380 0.00167802 0.00197366 0.00227694 0.00257169 0.00282513 0.00301152 0.00306616 0.00297661 0.00262178 0.00210366 0.00115783 0.00033485 -0.00120904 -0.00140254 -0.00360149 0.00000000
0.00000000 0.00000051 0.00000116 0.00000193 0.00000300 0.00000448 0.00000656 0.00000947 0.00001352 0.00001910 0.00002673 0.00003705 0.00005088 0.00006923 0.00009332 0.00012464 0.00016490 0.00021607 0.00028032 0.00035996 0.00045728 0.00057433 0.00071270 0.00087289 0.00105408 0.00125281 0.00146335 0.00167442 0.00187281 0.00203408 0.00213902 0.00214277 0.00203827 0.00174533 0.00134206 0.00064863 0.00006352 -0.00102269 -0.00111500 -0.00268616 0.00000000
0.00000000 0.00000024 0.00000057 0.00000099 0.00000161 0.00000251 0.00000382 0.00000570 0.00000839 0.00001217 0.00001741 0.00002459 0.00003432 0.00004735 0.00006458 0.00008711 0.00011620 0.00015330 0.00019997 0.00025784 0.00032851 0.00041334 0.00051323 0.00062825 0.00075738 0.00089762 0.00104416 0.00118836 0.00132005 0.00142177 0.00147951 0.00146321 0.00136856 0.00114387 0.00084531 0.00035358 -0.00005317 -0.00080160 -0.00084327 -0.00194313 0.00000000
0.00000000 -0.00000003 -0.00000002 0.00000005 0.00000022 0.00000055 0.00000111 0.00000201 0.00000338 0.00000542 0.00000839 0.00001259 0.00001847 0.00002652 0.00003740 0.00005187 0.00007082 0.00009527 0.00012632 0.00016512 0.00021275 0.00027013 0.00033783 0.00041578 0.00050309 0.00059751 0.00069538 0.00079063 0.00087580 0.00093927 0.00097094 0.00095209 0.00087895 0.00072125 0.00051386 0.00018595 -0.00008617 -0.00057353 -0.00059642 -0.00131984 0.00000000
0.00000000 -0.00000031 -0.00000062 -0.00000089 -0.00000116 -0.00000140 -0.00000158 -0.00000166 -0.00000157 -0.00000121 -0.00000045 0.00000091 0.00000310 0.00000645 0.00001137 0.00001833 0.00002794 0.00004085 0.00005781 0.00007963 0.00010703 0.00014071 0.00018107 0.00022818 0.00028148 0.00033966 0.00040028 0.00045967 0.00051278 0.00055280 0.00057252 0.00056189 0.00051627 0.00042156 0.00029303 0.00009861 -0.00007048 -0.00035419 -0.00037646 -0.00079790 0.00000000
0.00000000 -0.00000058 -0.00000122 -0.00000185 -0.00000257 -0.00000337 -0.00000429 -0.00000534 -0.00000652 -0.00000783 -0.00000923 -0.00001067 -0.00001205 -0.00001324 -0.00001405 -0.00001424 -0.00001349 -0.00001139 -0.00000751 -0.00000131 0.00000772 0.00002015 0.00003638 0.00005674 0.00008113 0.00010925 0.00013991 0.00017171 0.00020167 0.00022717 0.00024305 0.00024643 0.00023070 0.00019523 0.00013621 0.00005592 -0.00003073 -0.00014505 -0.00017782 -0.00034079 0.00000000
0.00000000 -0.00000087 -0.00000184 -0.00000282 -0.00000400 -0.00000538 -0.00000705 -0.00000909 -0.00001156 -0.00001454 -0.00001811 -0.00002235 -0.00002729 -0.00003300 -0.00003947 -0.00004670 -0.00005459 -0.00006301 -0.00007176 -0.00008052 -0.00008892 -0.00009646 -0.00010265 -0.00010683 -0.00010852 -0.00010697 -0.00010213 -0.00009323 -0.00008134 -0.00006528 -0.00004868 -0.00002812 -0.00001289 0.00000847 0.00001319 0.00003566 0.00001941 0.00005464 0.00000538 0.00007474 0.00000000
0.00000000 -0.00000116 -0.00000248 -0.00000383 -0.00000549 -0.00000745 -0.00000991 -0.00001296 -0.00001676 -0.00002146 -0.00002727 -0.00003437 -0.00004296 -0.00005328 -0.00006554 -0.00007992 -0.00009660 -0.00011568 -0.00013718 -0.00016099 -0.00018688 -0.00021438 -0.00024286 -0.00027129 -0.00029858 -0.00032290 -0.00034294 -0.00035570 -0.00036046 -0.00035223 -0.00033345 -0.00029436 -0.00024763 -0.00016953 -0.00010275 0.00001996 0.00006994 0.00025010 0.00018131 0.00047707 0.00000000
0.00000000 -0.00000147 -0.00000314 -0.00000489 -0.00000703 -0.00000963 -0.00001290 -0.00001700 -0.00002219 -0.00002871 -0.00003685 -0.00004695 -0.00005938 -0.00007454 -0.00009287 -0.00011478 -0.00014071 -0.00017101 -0.00020596 -0.00024567 -0.00029006 -0.00033869 -0.00039082 -0.00044503 -0.00049964 -0.00055167 -0.00059850 -0.00063477 -0.00065796 -0.00065893 -0.00063900 -0.00058142 -0.00050277 -0.00036568 -0.00023462 -0.00000644 0.00011267 0.00044577 0.00035717 0.00088955 0.00000000
0.00000000 -0.00000178 -0.00000383 -0.00000599 -0.00000866 -0.00001191 -0.00001604 -0.00002127 -0.00002793 -0.00003636 -0.00004699 -0.00006029 -0.00007682 -0.00009718 -0.00012204 -0.00015208 -0.00018804 -0.00023055 -0.00028021 -0.00033740 -0.00040226 -0.00047442 -0.00055311 -0.00063654 -0.00072248 -0.00080671 -0.00088532 -0.00095029 -0.00099715 -0.00101193 -0.00099470 -0.00092028 -0.00080964 -0.00060892 -0.00040743 -0.00006029 0.00013817 0.00064599 0.00054004 0.00133715 0.00000000
0.00000000 -0.00000211 -0.00000456 -0.00000715 -0.00001036 -0.00001431 -0.00001935 -0.00002577 -0.00003400 -0.00004449 -0.00005779 -0.00007456 -0.00009552 -0.00012153 -0.00015353 -0.00019252 -0.00023956 -0.00029567 -0.00036183 -0.00043878 -0.00052699 -0.00062627 -0.00073595 -0.00085395 -0.00097756 -0.00110131 -0.00121993 -0.00132242 -0.00140208 -0.00143911 -0.00143196 -0.00134473 -0.00120312 -0.00093241 -0.00065077 -0.00016283 0.00013310 0.00085204 0.00073525 0.00184357 0.00000000
0.00000000 -0.00000246 -0.00000531 -0.00000835 -0.00001215 -0.00001683 -0.00002284 -0.00003053 -0.00004044 -0.00005313 -0.00006932 -0.00008983 -0.00011563 -0.00014783 -0.00018770 -0.00023661 -0.00029604 -0.00036748 -0.00045241 -0.00055206 -0.00066738 -0.00079857 -0.00094521 -0.00110510 -0.00127523 -0.00144889 -0.00161948 -0.00177258 -0.00189901 -0.00197166 -0.00198687 -0.00189467 -0.00172573 -0.00137792 -0.00100340 -0.00034381 0.00007683 0.00106066 0.00094572 0.00243309 0.00000000
0.00000000 -0.00000281 -0.00000609 -0.00000961 -0.00001400 -0.00001945 -0.00002648 -0.00003553 -0.00004722 -0.00006227 -0.00008156 -0.00010612 -0.00013718 -0.00017617 -0.00022472 -0.00028466 -0.00035797 -0.00044675 -0.00055311 -0.00067897 -0.00082598 -0.00099497 -0.00118606 -0.00139720 -0.00162537 -0.00186274 -0.00210155 -0.00232351 -0.00251675 -0.00264507 -0.00270194 -0.00261882 -0.00243130 -0.00200050 -0.00151871 -0.00064699 -0.00006351 0.00126057 0.00117010 0.00313047 0.00000000
0.00000000 -0.00000317 -0.00000688 -0.00001089 -0.00001591 -0.00002216 -0.00003026 -0.00004072 -0.00005430 -0.00007185 -0.00009445 -0.00012336 -0.00016011 -0.00020648 -0.00026455 -0.00033668 -0.00042548 -0.00053378 -0.00066452 -0.00082055 -0.00100452 -0.00121818 -0.00146263 -0.00173638 -0.00203688 -0.00235548 -0.00268362 -0.00299888 -0.00328660 -0.00349944 -0.00362726 -0.00357691 -0.00338861 -0.00287357 -0.00227120 -0.00113734 -0.00034025 0.00142658 0.00139884 0.00395871 0.00000000
0.00000000 -0.00000353 -0.00000768 -0.00001218 -0.00001784 -0.00002492 -0.00003411 -0.00004604 -0.00006158 -0.00008176 -0.00010784 -0.00014137 -0.00018419 -0.00023851 -0.00030690 -0.00039236 -0.00049826 -0.00062830 -0.00078653 -0.00097696 -0.00120361 -0.00146963 -0.00177761 -0.00212725 -0.00251716 -0.00293850 -0.00338268 -0.00382312 -0.00424275 -0.00458091 -0.00482323 -0.00484437 -0.00468847 -0.00409845 -0.00336837 -0.00191365 -0.00083752 0.00151121 0.00160938 0.00494134 0.00000000
0.00000000 -0.00000388 -0.00000847 -0.00001347 -0.00001976 -0.00002767 -0.00003798 -0.00005139 -0.00006895 -0.00009183 -0.00012153 -0.00015988 -0.00020908 -0.00027180 -0.00035122 -0.00045102 -0.00057549 -0.00072943 -0.00091816 -0.00114723 -0.00142246 -0.00174895 -0.00213151 -0.00257180 -0.00307071 -0.00362017 -0.00421287 -0.00481862 -0.00541907 -0.00593830 -0.00635786 -0.00651090 -0.00644486 -0.00580918 -0.00496026 -0.00312248 -0.00168832 0.00142685 0.00175217 0.00608859 0.00000000
0.00000000 -0.00000422 -0.00000923 -0.00001470 -0.00002163 -0.00003035 -0.00004176 -0.00005666 -0.00007623 -0.00010183 -0.00013521 -0.00017847 -0.00023424 -0.00030568 -0.00039661 -0.00051155 -0.00065581 -0.00083544 -0.00105737 -0.00132902 -0.00165852 -0.00205356 -0.00252207 -0.00306878 -0.00369829 -0.00440489 -0.00518464 -0.00600522 -0.00684944 -0.00762508 -0.00831122 -0.00868902 -0.00880923 -0.00819345 -0.00726808 -0.00499097 -0.00310984 0.00102094 0.00173395 0.00740826 0.00000000
0.00000000 -0.00000454 -0.00000994 -0.00001587 -0.00002339 -0.00003289 -0.00004535 -0.00006170 -0.00008324 -0.00011151 -0.00014851 -0.00019667 -0.00025902 -0.00033928 -0.00044195 -0.00057247 -0.00073728 -0.00094390 -0.00120108 -0.00151853 -0.00190719 -0.00237810 -0.00294331 -0.00361201 -0.00439435 -0.00528918 -0.00629901 -0.00739216 -0.00855691 -0.00968559 -0.01075933 -0.01149703 -0.01195529 -0.01148381 -0.01058659 -0.00784513 -0.00543743 0.00002717 0.00137247 0.00884741 0.00000000
0.00000000 -0.00000482 -0.00001057 -0.00001692 -0.00002498 -0.00003520 -0.00004864 -0.00006633 -0.00008972 -0.00012053 -0.00016099 -0.00021385 -0.00028259 -0.00037147 -0.00048573 -0.00063176 -0.00081725 -0.00105133 -0.00134482 -0.00171004 -0.00216132 -0.00271378 -0.00338478 -0.00418952 -0.00514604 -0.00626070 -0.00754679 -0.00897790 -0.01055499 -0.01215915 -0.01378326 -0.01507632 -0.01610936 -0.01600494 -0.01535459 -0.01219636 -0.00922829 -0.00200855 0.00033653 0.01034716 0.00000000
0.00000000 -0.00000506 -0.00001112 -0.00001782 -0.00002635 -0.00003720 -0.00005152 -0.00007041 -0.00009547 -0.00012858 -0.00017221 -0.00022943 -0.00030412 -0.00040110 -0.00052637 -0.00068727 -0.00089281 -0.00115380 -0.00148331 -0.00189655 -0.00241165 -0.00304858 -0.00383108 -0.00478198 -0.00592971 -0.00729164 -0.00889714 -0.01073156 -0.01281887 -0.01503784 -0.01741019 -0.01951480 -0.02145777 -0.02207588 -0.02206546 -0.01869106 -0.01526124 -0.00581499 -0.00196498 0.01161963 0.00000000
0.00000000 -0.00000525 -0.00001154 -0.00001853 -0.00002743 -0.00003880 -0.00005383 -0.00007373 -0.00010018 -0.00013525 -0.00018160 -0.00024259 -0.00032249 -0.00042664 -0.00056175 -0.00073611 -0.00096000 -0.00124594 -0.00160929 -0.00206829 -0.00264518 -0.00336528 -0.00425962 -0.00536024 -0.00670844 -0.00833650 -0.01029614 -0.01259328 -0.01528906 -0.01827599 -0.02163283 -0.02488233 -0.02820889 -0.03010830 -0.03142461 -0.02831319 -0.02481599 -0.01258481 -0.00658547 0.01245045 0.00000000
0.00000000 -0.00000538 -0.00001183 -0.00001902 -0.00002820 -0.00003994 -0.00005551 -0.00007616 -0.00010369 -0.00014027 -0.00018877 -0.00025277 -0.00033688 -0.00044691 -0.00059017 -0.00077583 -0.00101531 -0.00132275 -0.00171565 -0.00221522 -0.00284776 -0.00364404 -0.00464273 -0.00588594 -0.00742946 -0.00932356 -0.01164759 -0.01443687 -0.01780477 -0.02167843 -0.02623063 -0.03096160 -0.03620607 -0.04010095 -0.04372697 -0.04176208 -0.03910090 -0.02378146 -0.01502994 0.01191945 0.00000000
0.00000000 -0.00000543 -0.00001195 -0.00001923 -0.00002854 -0.00004047 -0.00005632 -0.00007739 -0.00010554 -0.00014303 -0.00019284 -0.00025874 -0.00034558 -0.00045950 -0.00060829 -0.00080176 -0.00105229 -0.00137525 -0.00178996 -0.00232012 -0.00299556 -0.00385194 -0.00493504 -0.00629675 -0.00800750 -0.01013700 -0.01279566 -0.01605612 -0.02009861 -0.02491129 -0.03080786 -0.03732707 -0.04507154 -0.05186249 -0.05922382 -0.05991396 -0.06000632 -0.04158577 -0.03003624 0.01000039 0.00000000
0.00000000 -0.00000542 -0.00001191 -0.00001916 -0.00002844 -0.00004035 -0.00005620 -0.00007730 -0.00010554 -0.00014319 -0.00019330 -0.00025970 -0.00034734 -0.00046252 -0.00061328 -0.00080974 -0.00106477 -0.00139446 -0.00181917 -0.00236411 -0.00306136 -0.00394989 -0.00508046 -0.00651222 -0.00832709 -0.01061112 -0.01350225 -0.01710950 -0.02168142 -0.02728072 -0.03439019 -0.04265062 -0.05304983 -0.06324034 -0.07548623 -0.08053005 -0.08604071 -0.06596432 -0.05302910 0.00495847 0.00000000
0.00000000 -0.00000525 -0.00001154 -0.00001852 -0.00002747 -0.00003897 -0.00005429 -0.00007469 -0.00010199 -0.00013841 -0.00018690 -0.00025117 -0.00033603 -0.00044761 -0.00059371 -0.00078421 -0.00103166 -0.00135181 -0.00176467 -0.00229511 -0.00297498 -0.00384331 -0.00495150 -0.00636043 -0.00815600 -0.01043170 -0.01334085 -0.01701770 -0.02176402 -0.02771662 -0.03553055 -0.04501521 -0.05766152 -0.07121465 -0.08919619 -0.10052384 -0.11591082 -0.09716714 -0.08927468 0.00035349 0.00000000
0.00000000 -0.00000485 -0.00001061 -0.00001693 -0.00002508 -0.00003550 -0.00004937 -0.00006781 -0.00009244 -0.00012524 -0.00016881 -0.00022645 -0.00030239 -0.00040202 -0.00053217 -0.00070152 -0.00092099 -0.00120434 -0.00156895 -0.00203647 -0.00263463 -0.00339741 -0.00436993 -0.00560565 -0.00718152 -0.00918151 -0.01174896 -0.01501120 -0.01927136 -0.02468404 -0.03197546 -0.04106734 -0.05381091 -0.06823208 -0.08914867 -0.10501602 -0.13029711 -0.11755986 -0.12317347 -0.00441409 0.00000000
0.00000000 -0.00000359 -0.00000779 -0.00001228 -0.00001811 -0.00002552 -0.00003536 -0.00004837 -0.00006567 -0.00008861 -0.00011893 -0.00015884 -0.00021116 -0.00027944 -0.00036819 -0.00048303 -0.00063105 -0.00082109 -0.00106426 -0.00137425 -0.00176860 -0.00226852 -0.00290239 -0.00370310 -0.00471947 -0.00600260 -0.00764693 -0.00972999 -0.01246903 -0.01596357 -0.02080632 -0.02697307 -0.03623665 -0.04729389 -0.06562629 -0.08197369 -0.11507347 -0.11495755 -0.15881025 0.00372971 0.00000000
0.00000000 0.00000000 0.00000000 0.00000000 0.00000000 0.00000000 0.00000000 0.00000000 0.00000000 0.00000000 0.00000000 0.00000000 0.00000000 0.00000000 0.00000000 0.00000000 0.00000000 0.00000000 0.00000000 0.00000000 0.00000000 0.00000000 0.00000000 0.00000000 0.00000000 0.00000000 0.00000000 0.00000000 0.00000000 0.00000000 0.00000000 0.00000000 0.00000000 0.00000000 0.00000000 0.00000000 0.00000000 0.00000000 0.00000000 0.00000000 0.00000000
