0.00000000
0.03006012
0.06012024
0.09018036
0.12024048
0.15030060
0.18036072
0.21042084
0.24048096
0.27054108
0.30060120
0.33066132
0.36072144
0.39078156
0.42084168
0.45090180
0.48096192
0.51102204
0.54108216
0.57114228
0.60120240
0.63126253
0.66132265
0.69138277
0.72144289
0.75150301
0.78156313
0.81162325
0.84168337
0.87174349
0.90180361
0.93186373
0.96192385
0.99198397
1.02204409
1.05210421
1.08216433
1.11222445
1.14228457
1.17234469
1.20240481
1.23246493
1.26252505
1.29258517
1.32264529
1.35270541
1.38276553
1.41282565
1.44288577
1.47294589
1.50300601
1.53306613
1.56312625
1.59318637
1.62324649
1.65330661
1.68336673
1.71342685
1.74348697
1.77354709
1.80360721
1.83366733
1.86372745
1.89378758
1.92384770
1.95390782
1.98396794
2.01402806
2.04408818
2.07414830
2.10420842
2.13426854
2.16432866
2.19438878
2.22444890
2.25450902
2.28456914
2.31462926
2.34468938
2.37474950
2.40480962
2.43486974
2.46492986
2.49498998
2.52505010
2.55511022
2.58517034
2.61523046
2.64529058
2.67535070
2.70541082
2.73547094
2.76553106
2.79559118
2.82565130
2.85571142
2.88577154
2.91583166
2.94589178
2.97595190
3.00601202
3.03607214
3.06613226
3.09619238
3.12625251
3.15631263
3.18637275
3.21643287
3.24649299
3.27655311
3.30661323
3.33667335
3.36673347
3.39679359
3.42685371
3.45691383
3.48697395
3.51703407
3.54709419
3.57715431
3.60721443
3.63727455
3.66733467
3.69739479
3.72745491
3.75751503
3.78757515
3.81763527
3.84769539
3.87775551
3.90781563
3.93787575
3.96793587
3.99799599
4.02805611
4.05811623
4.08817635
4.11823647
4.14829659
4.17835671
4.20841683
4.23847695
4.26853707
4.29859719
4.32865731
4.35871743
4.38877756
4.41883768
4.44889780
4.47895792
4.50901804
4.53907816
4.56913828
4.59919840
4.62925852
4.65931864
4.68937876
4.71943888
4.74949900
4.77955912
4.80961924
4.83967936
4.86973948
4.89979960
4.92985972
4.95991984
4.98997996
5.02004008
5.05010020
5.08016032
5.11022044
5.14028056
5.17034068
5.20040080
5.23046092
5.26052104
5.29058116
5.32064128
5.35070140
5.38076152
5.41082164
5.44088176
5.47094188
5.50100200
5.53106212
5.56112224
5.59118236
5.62124248
5.65130261
5.68136273
5.71142285
5.74148297
5.77154309
5.80160321
5.83166333
5.86172345
5.89178357
5.92184369
5.95190381
5.98196393
6.01202405
6.04208417
6.07214429
6.10220441
6.13226453
6.16232465
6.19238477
6.22244489
6.25250501
6.28256513
6.31262525
6.34268537
6.37274549
6.40280561
6.43286573
6.46292585
6.49298597
6.52304609
6.55310621
6.58316633
6.61322645
6.64328657
6.67334669
6.70340681
6.73346693
6.76352705
6.79358717
6.82364729
6.85370741
6.88376754
6.91382766
6.94388778
6.97394790
7.00400802
7.03406814
7.06412826
7.09418838
7.12424850
7.15430862
7.18436874
7.21442886
7.24448898
7.27454910
7.30460922
7.33466934
7.36472946
7.39478958
7.42484970
7.45490982
7.48496994
7.51503006
7.54509018
7.57515030
7.60521042
7.63527054
7.66533066
7.69539078
7.72545090
7.75551102
7.78557114
7.81563126
7.84569138
7.87575150
7.90581162
7.93587174
7.96593186
7.99599198
8.02605210
8.05611222
8.08617234
8.11623246
8.14629259
8.17635271
8.20641283
8.23647295
8.26653307
8.29659319
8.32665331
8.35671343
8.38677355
8.41683367
8.44689379
8.47695391
8.50701403
8.53707415
8.56713427
8.59719439
8.62725451
8.65731463
8.68737475
8.71743487
8.74749499
8.77755511
8.80761523
8.83767535
8.86773547
8.89779559
8.92785571
8.95791583
8.98797595
9.01803607
9.04809619
9.07815631
9.10821643
9.13827655
9.16833667
9.19839679
9.22845691
9.25851703
9.28857715
9.31863727
9.34869739
9.37875752
9.40881764
9.43887776
9.46893788
9.49899800
9.52905812
9.55911824
9.58917836
9.61923848
9.64929860
9.67935872
9.70941884
9.73947896
9.76953908
9.79959920
9.82965932
9.85971944
9.88977956
9.91983968
9.94989980
9.97995992
10.01002004
10.04008016
10.07014028
10.10020040
10.13026052
10.16032064
10.19038076
10.22044088
10.25050100
10.28056112
10.31062124
10.34068136
10.37074148
10.40080160
10.43086172
10.46092184
10.49098196
10.52104208
10.55110220
10.58116232
10.61122244
10.64128257
10.67134269
10.70140281
10.73146293
10.76152305
10.79158317
10.82164329
10.85170341
10.88176353
10.91182365
10.94188377
10.97194389
11.00200401
11.03206413
11.06212425
11.09218437
11.12224449
11.15230461
11.18236473
11.21242485
11.24248497
11.27254509
11.30260521
11.33266533
11.36272545
11.39278557
11.42284569
11.45290581
11.48296593
11.51302605
11.54308617
11.57314629
11.60320641
11.63326653
11.66332665
11.69338677
11.72344689
11.75350701
11.78356713
11.81362725
11.84368737
11.87374749
11.90380762
11.93386774
11.96392786
11.99398798
12.02404810
12.05410822
12.08416834
12.11422846
12.14428858
12.17434870
12.20440882
12.23446894
12.26452906
12.29458918
12.32464930
12.35470942
12.38476954
12.41482966
12.44488978
12.47494990
12.50501002
12.53507014
12.56513026
12.59519038
12.62525050
12.65531062
12.68537074
12.71543086
12.74549098
12.77555110
12.80561122
12.83567134
12.86573146
12.89579158
12.92585170
12.95591182
12.98597194
13.01603206
13.04609218
13.07615230
13.10621242
13.13627255
13.16633267
13.19639279
13.22645291
13.25651303
13.28657315
13.31663327
13.34669339
13.37675351
13.40681363
13.43687375
13.46693387
13.49699399
13.52705411
13.55711423
13.58717435
13.61723447
13.64729459
13.67735471
13.70741483
13.73747495
13.76753507
13.79759519
13.82765531
13.85771543
13.88777555
13.91783567
13.94789579
13.97795591
14.00801603
14.03807615
14.06813627
14.09819639
14.12825651
14.15831663
14.18837675
14.21843687
14.24849699
14.27855711
14.30861723
14.33867735
14.36873747
14.39879760
14.42885772
14.45891784
14.48897796
14.51903808
14.54909820
14.57915832
14.60921844
14.63927856
14.66933868
14.69939880
14.72945892
14.75951904
14.78957916
14.81963928
14.84969940
14.87975952
14.90981964
14.93987976
14.96993988
15.00000000
