0.00000000 0.00000000 0.00000000 0.00000000 0.00000000 0.00000000 0.00000000 0.00000000 0.00000000 0.00000000 0.00000000 0.00000000 0.00000000 0.00000000 0.00000000 0.00000000 0.00000000 0.00000000 0.00000000 0.00000000 0.00000000 0.00000000 0.00000000 0.00000000 0.00000000 0.00000000 0.00000000 0.00000000 0.00000000 0.00000000 0.00000000 0.00000000 0.00000000 0.00000000 0.00000000 0.00000000 0.00000000 0.00000000 0.00000000 0.00000000 0.00000000
0.00000000 -0.00002322 -0.00015011 -0.00046193 -0.00091474 -0.00149238 -0.00215447 -0.00287190 -0.00361497 -0.00436040 -0.00508832 -0.00578304 -0.00643192 -0.00702501 -0.00755440 -0.00801384 -0.00839839 -0.00870416 -0.00892814 -0.00906808 -0.00912241 -0.00909025 -0.00897142 -0.00876643 -0.00847665 -0.00810433 -0.00765285 -0.00712685 -0.00653261 -0.00587832 -0.00517456 -0.00443481 -0.00367583 -0.00291865 -0.00218771 -0.00151375 -0.00092664 -0.00046723 -0.00015156 -0.00002337 0.00000000
0.00000000 -0.00014175 -0.00047408 -0.00110373 -0.00195635 -0.00300846 -0.00419893 -0.00548152 -0.00680797 -0.00813881 -0.00943966 -0.01068265 -0.01184497 -0.01290835 -0.01385817 -0.01468278 -0.01537299 -0.01592153 -0.01632285 -0.01657281 -0.01666862 -0.01660875 -0.01639299 -0.01602248 -0.01549988 -0.01482957 -0.01401794 -0.01307378 -0.01200874 -0.01083795 -0.00958063 -0.00826100 -0.00690859 -0.00555963 -0.00425541 -0.00304580 -0.00197825 -0.00111455 -0.00047806 -0.00014274 0.00000000
0.00000000 -0.00026918 -0.00080659 -0.00173854 -0.00294973 -0.00441045 -0.00604334 -0.00779082 -0.00959192 -0.01139599 -0.01315829 -0.01484198 -0.01641655 -0.01785730 -0.01914430 -0.02026163 -0.02119662 -0.02193934 -0.02248215 -0.02281944 -0.02294745 -0.02286418 -0.02256946 -0.02206498 -0.02135453 -0.02044426 -0.01934305 -0.01806303 -0.01662017 -0.01503503 -0.01333352 -0.01154787 -0.00971701 -0.00788798 -0.00611366 -0.00445705 -0.00297717 -0.00175222 -0.00081174 -0.00027052 0.00000000
0.00000000 -0.00038650 -0.00111293 -0.00232139 -0.00385178 -0.00566773 -0.00767697 -0.00981366 -0.01200745 -0.01419987 -0.01633873 -0.01838070 -0.02028954 -0.02203573 -0.02359527 -0.02494891 -0.02608131 -0.02698042 -0.02763700 -0.02804428 -0.02819776 -0.02809510 -0.02773615 -0.02712306 -0.02626053 -0.02515608 -0.02382057 -0.02226874 -0.02051989 -0.01859874 -0.01653624 -0.01437058 -0.01214750 -0.00992182 -0.00775461 -0.00571850 -0.00388105 -0.00233544 -0.00111783 -0.00038762 0.00000000
0.00000000 -0.00048441 -0.00137435 -0.00282812 -0.00464163 -0.00677084 -0.00910842 -0.01158098 -0.01411019 -0.01663145 -0.01908689 -0.02142835 -0.02361536 -0.02561480 -0.02739970 -0.02894832 -0.03024335 -0.03127117 -0.03202136 -0.03248628 -0.03266086 -0.03254247 -0.03213099 -0.03142885 -0.03044137 -0.02917710 -0.02764830 -0.02587162 -0.02386883 -0.02166775 -0.01930305 -0.01681743 -0.01426175 -0.01169686 -0.00919031 -0.00682304 -0.00467040 -0.00284075 -0.00137788 -0.00048479 0.00000000
0.00000000 -0.00056554 -0.00159625 -0.00326655 -0.00533259 -0.00774211 -0.01037264 -0.01314325 -0.01596804 -0.01877702 -0.02150759 -0.02410774 -0.02653376 -0.02874987 -0.03072688 -0.03244131 -0.03387441 -0.03501149 -0.03584127 -0.03635549 -0.03654866 -0.03641792 -0.03596305 -0.03518665 -0.03409436 -0.03269534 -0.03100280 -0.02903469 -0.02681454 -0.02437245 -0.02174593 -0.01898120 -0.01613332 -0.01326831 -0.01045952 -0.00779587 -0.00536057 -0.00327729 -0.00159799 -0.00056498 0.00000000
0.00000000 -0.00063367 -0.00178711 -0.00365126 -0.00594690 -0.00861350 -0.01151350 -0.01455804 -0.01765353 -0.02072473 -0.02370461 -0.02653786 -0.02917808 -0.03158743 -0.03373513 -0.03559646 -0.03715175 -0.03838558 -0.03928613 -0.03984475 -0.04005561 -0.03991561 -0.03942439 -0.03858448 -0.03740159 -0.03588512 -0.03404876 -0.03191125 -0.02949730 -0.02683869 -0.02397520 -0.02095607 -0.01784012 -0.01469830 -0.01160981 -0.00867180 -0.00597585 -0.00366096 -0.00178736 -0.00063221 0.00000000
0.00000000 -0.00069373 -0.00195844 -0.00400186 -0.00651306 -0.00942333 -0.01258012 -0.01588613 -0.01923975 -0.02256024 -0.02577615 -0.02882899 -0.03167001 -0.03425969 -0.03656607 -0.03856362 -0.04023212 -0.04155577 -0.04252247 -0.04312332 -0.04335226 -0.04320596 -0.04268376 -0.04178795 -0.04052402 -0.03890125 -0.03693338 -0.03463948 -0.03204500 -0.02918296 -0.02609507 -0.02283331 -0.01946026 -0.01605199 -0.01269392 -0.00949198 -0.00654677 -0.00401270 -0.00195817 -0.00069170 0.00000000
0.00000000 -0.00075007 -0.00212091 -0.00433764 -0.00705959 -0.01021001 -0.01362116 -0.01718679 -0.02079668 -0.02436418 -0.02781319 -0.03108200 -0.03411964 -0.03688514 -0.03934569 -0.04147528 -0.04325349 -0.04466443 -0.04569596 -0.04633909 -0.04658760 -0.04643788 -0.04588890 -0.04494245 -0.04360351 -0.04188086 -0.03978789 -0.03734358 -0.03457368 -0.03151214 -0.02820235 -0.02469905 -0.02106872 -0.01739295 -0.01376407 -0.01029756 -0.00710380 -0.00435299 -0.00212170 -0.00074799 0.00000000
0.00000000 -0.00080654 -0.00228439 -0.00467680 -0.00761379 -0.01101034 -0.01468302 -0.01851589 -0.02238945 -0.02621060 -0.02989821 -0.03338724 -0.03662450 -0.03956780 -0.04218369 -0.04444606 -0.04633457 -0.04783357 -0.04893110 -0.04961826 -0.04988873 -0.04973858 -0.04916628 -0.04817288 -0.04676253 -0.04494311 -0.04272720 -0.04013323 -0.03718687 -0.03392266 -0.03038553 -0.02663301 -0.02273578 -0.01878154 -0.01487033 -0.01112816 -0.00767620 -0.00470126 -0.00228839 -0.00080514 0.00000000
0.00000000 -0.00086639 -0.00245748 -0.00503579 -0.00820067 -0.01185837 -0.01580864 -0.01992496 -0.02407770 -0.02816664 -0.03210523 -0.03582490 -0.03927027 -0.04239810 -0.04517465 -0.04757399 -0.04957629 -0.05116642 -0.05233290 -0.05306709 -0.05336266 -0.05321535 -0.05262293 -0.05158549 -0.05010594 -0.04819081 -0.04585136 -0.04310497 -0.03997672 -0.03650138 -0.03272524 -0.02870865 -0.02452685 -0.02027432 -0.01605976 -0.01202097 -0.00829117 -0.00507525 -0.00246746 -0.00086660 0.00000000
0.00000000 -0.00093248 -0.00264788 -0.00542959 -0.00884331 -0.01278562 -0.01703776 -0.02146150 -0.02591597 -0.03029310 -0.03450047 -0.03846585 -0.04213174 -0.04545410 -0.04839926 -0.05094195 -0.05306323 -0.05474896 -0.05598843 -0.05677352 -0.05709798 -0.05695720 -0.05634810 -0.05526947 -0.05372256 -0.05171200 -0.04924714 -0.04634361 -0.04302532 -0.03932679 -0.03529534 -0.03099412 -0.02650327 -0.02192476 -0.01737704 -0.01301130 -0.00897438 -0.00549151 -0.00266732 -0.00093545 0.00000000
0.00000000 -0.00100736 -0.00286268 -0.00587216 -0.00956338 -0.01382179 -0.01840779 -0.02316991 -0.02795472 -0.03264557 -0.03714368 -0.04137308 -0.04527434 -0.04880300 -0.05192601 -0.05461930 -0.05686542 -0.05865170 -0.05996867 -0.06080899 -0.06116669 -0.06103676 -0.06041510 -0.05929885 -0.05768708 -0.05558188 -0.05298985 -0.04992412 -0.04640660 -0.04247083 -0.03816467 -0.03355392 -0.02872381 -0.02378459 -0.01886570 -0.01413358 -0.00975082 -0.00596602 -0.00289602 -0.00101456 0.00000000
0.00000000 -0.00109353 -0.00310883 -0.00637723 -0.01038213 -0.01499589 -0.01995494 -0.02509273 -0.03024174 -0.03527582 -0.04008949 -0.04460303 -0.04875549 -0.05250258 -0.05581254 -0.05866331 -0.06103968 -0.06293109 -0.06432986 -0.06522985 -0.06562554 -0.06551159 -0.06488266 -0.06373386 -0.06206145 -0.05986414 -0.05714489 -0.05391320 -0.05018791 -0.04600059 -0.04139885 -0.03645072 -0.03124657 -0.02590567 -0.02056983 -0.01542299 -0.01064610 -0.00651519 -0.00316177 -0.00110686 0.00000000
0.00000000 -0.00119360 -0.00339353 -0.00695898 -0.01132138 -0.01633742 -0.02171560 -0.02727208 -0.03282341 -0.03823308 -0.04338857 -0.04820672 -0.05262562 -0.05660202 -0.06010646 -0.06311987 -0.06563024 -0.06763001 -0.06911398 -0.07007771 -0.07051647 -0.07042459 -0.06979536 -0.06862134 -0.06689531 -0.06461162 -0.06176836 -0.05837007 -0.05443106 -0.04997954 -0.04506171 -0.03974699 -0.03413074 -0.02834182 -0.02253587 -0.01691704 -0.01168782 -0.00715681 -0.00347355 -0.00121556 0.00000000
0.00000000 -0.00131047 -0.00372473 -0.00763284 -0.01240457 -0.01787754 -0.02372753 -0.02975073 -0.03574572 -0.04156477 -0.04708824 -0.05223001 -0.05692818 -0.06114176 -0.06484491 -0.06802287 -0.07066806 -0.07277700 -0.07434785 -0.07537854 -0.07586550 -0.07580289 -0.07518241 -0.07399363 -0.07222496 -0.06986528 -0.06690634 -0.06334599 -0.05919214 -0.05446776 -0.04921586 -0.04350601 -0.03743790 -0.03115035 -0.02481432 -0.01865722 -0.01290695 -0.00791112 -0.00384167 -0.00134439 0.00000000
0.00000000 -0.00144751 -0.00411154 -0.00841620 -0.01365756 -0.01964999 -0.02603064 -0.03257266 -0.03905445 -0.04531637 -0.05123177 -0.05671256 -0.06169825 -0.06615175 -0.07005256 -0.07339193 -0.07616825 -0.07838346 -0.08004016 -0.08113947 -0.08167952 -0.08165449 -0.08105435 -0.07986516 -0.07807005 -0.07565109 -0.07259194 -0.06888166 -0.06451936 -0.05952023 -0.05392170 -0.04779147 -0.04123226 -0.03439286 -0.02746084 -0.02069029 -0.01433910 -0.00880183 -0.00427845 -0.00149788 0.00000000
0.00000000 -0.00160876 -0.00456460 -0.00932894 -0.01510930 -0.02169151 -0.02866708 -0.03578268 -0.04279421 -0.04952970 -0.05585611 -0.06168491 -0.06695898 -0.07164734 -0.07573707 -0.07922751 -0.08212489 -0.08443819 -0.08617577 -0.08734296 -0.08794021 -0.08796206 -0.08739668 -0.08622609 -0.08442720 -0.08197375 -0.07883933 -0.07500164 -0.07044804 -0.06518265 -0.05923402 -0.05266501 -0.04557925 -0.03813469 -0.03053646 -0.02306898 -0.01602539 -0.00985691 -0.00479870 -0.00168157 0.00000000
0.00000000 -0.00179905 -0.00509642 -0.01039380 -0.01679193 -0.02404152 -0.03168025 -0.03942452 -0.04700556 -0.05423910 -0.06098710 -0.06716280 -0.07271518 -0.07762227 -0.08188146 -0.08550275 -0.08850248 -0.09089852 -0.09270657 -0.09393729 -0.09459434 -0.09467303 -0.09415974 -0.09303205 -0.09125968 -0.08880647 -0.08563370 -0.08170478 -0.07699169 -0.07148337 -0.06519510 -0.05818074 -0.05054135 -0.04244222 -0.03410622 -0.02585164 -0.01801277 -0.01110911 -0.00542021 -0.00190227 0.00000000
0.00000000 -0.00202411 -0.00572145 -0.01163632 -0.01874024 -0.02674078 -0.03511226 -0.04353698 -0.05171969 -0.05946475 -0.06663139 -0.07313795 -0.07894312 -0.08403754 -0.08843237 -0.09215127 -0.09522323 -0.09767721 -0.09953795 -0.10082282 -0.10153964 -0.10168509 -0.10124399 -0.10018916 -0.09848227 -0.09607575 -0.09291617 -0.08894944 -0.08412794 -0.07842039 -0.07182316 -0.06437535 -0.05617033 -0.04737716 -0.03823538 -0.02910018 -0.02035323 -0.01259604 -0.00616399 -0.00216821 0.00000000
0.00000000 -0.00229068 -0.00645616 -0.01308438 -0.02099020 -0.02982838 -0.03899918 -0.04814718 -0.05694972 -0.06520199 -0.07276418 -0.07956431 -0.08557552 -0.09080560 -0.09528345 -0.09904986 -0.10214935 -0.10462430 -0.10651036 -0.10783309 -0.10860556 -0.10882663 -0.10847992 -0.10753349 -0.10594035 -0.10364018 -0.10056258 -0.09663253 -0.09177816 -0.08594205 -0.07909460 -0.07125257 -0.06249420 -0.05298649 -0.04298237 -0.03287570 -0.02310158 -0.01435928 -0.00705419 -0.00248915 0.00000000
0.00000000 -0.00260646 -0.00731867 -0.01476697 -0.02357619 -0.03333684 -0.04336347 -0.05326025 -0.06267765 -0.07140588 -0.07931161 -0.08633878 -0.09248101 -0.09776864 -0.10225293 -0.10599558 -0.10905971 -0.11150348 -0.11337534 -0.11471054 -0.11552860 -0.11583150 -0.11560236 -0.11480479 -0.11338298 -0.11126297 -0.10835550 -0.10456139 -0.09977968 -0.09392014 -0.08691885 -0.07876045 -0.06949783 -0.05928677 -0.04838713 -0.03723075 -0.02631108 -0.01644253 -0.00811761 -0.00287632 0.00000000
0.00000000 -0.00298011 -0.00832822 -0.01671222 -0.02652663 -0.03728448 -0.04820280 -0.05884442 -0.06883606 -0.07796984 -0.08612701 -0.09327560 -0.09943711 -0.10467074 -0.10905520 -0.11267703 -0.11562088 -0.11796296 -0.11976622 -0.12107698 -0.12192242 -0.12230870 -0.12221944 -0.12161463 -0.12043015 -0.11857823 -0.11594968 -0.11241856 -0.10785032 -0.10211499 -0.09510476 -0.08676024 -0.07709540 -0.06624136 -0.05445367 -0.04219734 -0.03002633 -0.01888817 -0.00938262 -0.00334231 0.00000000
0.00000000 -0.00342120 -0.00950440 -0.01894447 -0.02985755 -0.04166462 -0.05347433 -0.06481058 -0.07528342 -0.08469765 -0.09296025 -0.10007385 -0.10609665 -0.11112372 -0.11526646 -0.11863995 -0.12135298 -0.12350156 -0.12516440 -0.12639994 -0.12724404 -0.12770818 -0.12777779 -0.12741068 -0.12653575 -0.12505252 -0.12283201 -0.11972032 -0.11554583 -0.11013241 -0.10331831 -0.09498622 -0.08509394 -0.07372920 -0.06112547 -0.04776940 -0.03427252 -0.02173200 -0.01087742 -0.00390075 0.00000000
0.00000000 -0.00394022 -0.01086611 -0.02148025 -0.03356382 -0.04643073 -0.05907364 -0.07098542 -0.08177248 -0.09126809 -0.09942003 -0.10627839 -0.11194819 -0.11656763 -0.12028570 -0.12324908 -0.12559236 -0.12743218 -0.12886350 -0.12995727 -0.13075866 -0.13128553 -0.13152669 -0.13143983 -0.13094940 -0.12994473 -0.12827921 -0.12577187 -0.12221273 -0.11737475 -0.11103282 -0.10299674 -0.09314748 -0.08150437 -0.06825254 -0.05387881 -0.03904038 -0.02499564 -0.01262750 -0.00456592 0.00000000
0.00000000 -0.00454912 -0.01243065 -0.02432304 -0.03760708 -0.05147635 -0.06480675 -0.07707667 -0.08791037 -0.09719184 -0.10492909 -0.11123480 -0.11627158 -0.12022765 -0.12329338 -0.12564860 -0.12745385 -0.12884581 -0.12993486 -0.13080382 -0.13150713 -0.13206978 -0.13248562 -0.13271500 -0.13268160 -0.13226901 -0.13131764 -0.12962352 -0.12694044 -0.12298906 -0.11747403 -0.11011788 -0.10070180 -0.08914535 -0.07554855 -0.06036297 -0.04426543 -0.02867612 -0.01465260 -0.00535260 0.00000000
0.00000000 -0.00526205 -0.01421281 -0.02745627 -0.04189974 -0.05660865 -0.07035416 -0.08262981 -0.09311070 -0.10176149 -0.10867424 -0.11404092 -0.11809215 -0.12107140 -0.12321200 -0.12472609 -0.12579793 -0.12658149 -0.12719992 -0.12774588 -0.12828195 -0.12884037 -0.12942167 -0.12999208 -0.13047944 -0.13076808 -0.13069314 -0.13003570 -0.12852044 -0.12581978 -0.12156638 -0.11538465 -0.10693330 -0.09599555 -0.08253811 -0.06692334 -0.04980053 -0.03273181 -0.01696228 -0.00627577 0.00000000
0.00000000 -0.00609803 -0.01622455 -0.03083272 -0.04628051 -0.06150986 -0.07522131 -0.08697149 -0.09653424 -0.10399285 -0.10955098 -0.11349641 -0.11613589 -0.11777007 -0.11867306 -0.11908480 -0.11920775 -0.11920761 -0.11921523 -0.11932921 -0.11961774 -0.12011952 -0.12084295 -0.12176356 -0.12281926 -0.12390362 -0.12485738 -0.12545946 -0.12541884 -0.12437142 -0.12188469 -0.11748192 -0.11068146 -0.10109212 -0.08848889 -0.07306859 -0.05537651 -0.03706205 -0.01955151 -0.00735208 0.00000000
0.00000000 -0.00708328 -0.01847265 -0.03435805 -0.05047997 -0.06568577 -0.07867552 -0.08914144 -0.09702162 -0.10256302 -0.10610950 -0.10805789 -0.10879425 -0.10867236 -0.10799940 -0.10703354 -0.10598566 -0.10502399 -0.10427934 -0.10385001 -0.10380561 -0.10418922 -0.10501757 -0.10627870 -0.10792701 -0.10987525 -0.11198359 -0.11404633 -0.11577731 -0.11679743 -0.11662794 -0.11470113 -0.11038921 -0.10309405 -0.09233566 -0.07804532 -0.06055044 -0.04147759 -0.02239071 -0.00859924 0.00000000
0.00000000 -0.00825837 -0.02095378 -0.03785318 -0.05405194 -0.06837369 -0.07964377 -0.08779135 -0.09300204 -0.09573366 -0.09649485 -0.09579638 -0.09409740 -0.09179204 -0.08920498 -0.08659669 -0.08417159 -0.08208740 -0.08046397 -0.07939083 -0.07893294 -0.07913432 -0.08001930 -0.08159093 -0.08382622 -0.08666767 -0.09001059 -0.09368615 -0.09744045 -0.10091167 -0.10360902 -0.10490333 -0.10403634 -0.10018829 -0.09256870 -0.08072559 -0.06461398 -0.04564536 -0.02541321 -0.01004132 0.00000000
0.00000000 -0.00967471 -0.02363103 -0.04099389 -0.05627908 -0.06842652 -0.07659346 -0.08107656 -0.08240503 -0.08128737 -0.07840851 -0.07438224 -0.06972012 -0.06483133 -0.06003277 -0.05556382 -0.05160210 -0.04827784 -0.04568630 -0.04389768 -0.04296467 -0.04292737 -0.04381574 -0.04564900 -0.04843181 -0.05214621 -0.05673858 -0.06210043 -0.06804268 -0.07426282 -0.08030879 -0.08554359 -0.08912623 -0.09003456 -0.08714134 -0.07949269 -0.06648378 -0.04900690 -0.02847380 -0.01169597 0.00000000
0.00000000 -0.01139446 -0.02636898 -0.04312817 -0.05592120 -0.06403645 -0.06727350 -0.06643854 -0.06249516 -0.05641522 -0.04904402 -0.04106176 -0.03299131 -0.02521624 -0.01800949 -0.01155867 -0.00598960 -0.00138521 0.00219921 0.00472438 0.00615838 0.00647081 0.00562934 0.00359902 0.00034472 -0.00416248 -0.00993352 -0.01694236 -0.02509832 -0.03420615 -0.04391708 -0.05366555 -0.06261646 -0.06961864 -0.07324519 -0.07196087 -0.06442030 -0.05056317 -0.03127013 -0.01357244 0.00000000
0.00000000 -0.01340728 -0.02877720 -0.04305405 -0.05096723 -0.05250208 -0.04852886 -0.04048144 -0.02981169 -0.01771366 -0.00513168 0.00726034 0.01899493 0.02977167 0.03940812 0.04780479 0.05491526 0.06072444 0.06523209 0.06844083 0.07034755 0.07093727 0.07017928 0.06802515 0.06440924 0.05925249 0.05247086 0.04399126 0.03377687 0.02186877 0.00844130 -0.00611088 -0.02108892 -0.03535412 -0.04731578 -0.05487207 -0.05583602 -0.04864551 -0.03314330 -0.01555459 0.00000000
0.00000000 -0.01544973 -0.02969049 -0.03809821 -0.03762014 -0.02929666 -0.01554714 0.00158079 0.02020069 0.03903389 0.05716484 0.07404147 0.08934317 0.10292255 0.11473852 0.12481573 0.13321192 0.13999654 0.14523550 0.14898089 0.15126377 0.15208901 0.15143141 0.14923296 0.14540116 0.13980943 0.13230064 0.12269696 0.11081797 0.09651674 0.07973088 0.06058148 0.03947208 0.01731632 -0.00440376 -0.02322250 -0.03626051 -0.03993048 -0.03252886 -0.01721894 0.00000000
0.00000000 -0.01637468 -0.02647185 -0.02364879 -0.01008037 0.01191233 0.03794517 0.06560724 0.09280347 0.11843226 0.14181106 0.16266555 0.18093127 0.19668700 0.21007967 0.22128595 0.23048324 0.23783319 0.24347101 0.24749922 0.24998354 0.25094978 0.25038092 0.24821390 0.24433616 0.23858228 0.23073166 0.22050995 0.20759562 0.19164271 0.17231482 0.14937710 0.12278179 0.09296562 0.06091092 0.02902068 0.00033581 -0.01924171 -0.02623793 -0.01709959 0.00000000
0.00000000 -0.01210164 -0.01125974 0.01158695 0.04379056 0.08268790 0.12215458 0.16019524 0.19502652 0.22611870 0.25327507 0.27665273 0.29652963 0.31325293 0.32717297 0.33861840 0.34787826 0.35519511 0.36076190 0.36472165 0.36716752 0.36814262 0.36763866 0.36559298 0.36188380 0.35632378 0.34865207 0.33852703 0.32551923 0.30911570 0.28872607 0.26374613 0.23359270 0.19801333 0.15704971 0.11234975 0.06592546 0.02534415 -0.00559347 -0.01058739 0.00000000
0.00000000 0.00767990 0.02976116 0.08295078 0.13830474 0.19525446 0.24693841 0.29294690 0.33253042 0.36616281 0.39437123 0.41785063 0.43725571 0.45319418 0.46619241 0.47669577 0.48506916 0.49160338 0.49652157 0.49998538 0.50209977 0.50291576 0.50243092 0.50058708 0.49726511 0.49227646 0.48535107 0.47612273 0.46410953 0.44869834 0.42911852 0.40446075 0.37363294 0.33561217 0.28920356 0.23463008 0.17145596 0.10743946 0.04310287 0.01327968 0.00000000
0.00000000 0.08081454 0.14468337 0.23557018 0.30993711 0.37657357 0.43133608 0.47679557 0.51383587 0.54398932 0.56840915 0.58815214 0.60407274 0.61687778 0.62713408 0.63529361 0.64171038 0.64665673 0.65033604 0.65289282 0.65441989 0.65496286 0.65452170 0.65304940 0.65044740 0.64655744 0.64114905 0.63390271 0.62438554 0.61202457 0.59606025 0.57552501 0.54912878 0.51539189 0.47215066 0.41798155 0.34889181 0.26931312 0.16759210 0.09378627 0.00000000
0.00000000 0.28299589 0.37971018 0.49451057 0.57017998 0.63034198 0.67478270 0.70886243 0.73485649 0.75492341 0.77047201 0.78258894 0.79206050 0.79947865 0.80528447 0.80980906 0.81329911 0.81593658 0.81785234 0.81913619 0.81984350 0.81999932 0.81960003 0.81861268 0.81697175 0.81457316 0.81126449 0.80683104 0.80097415 0.79328384 0.78318838 0.76990953 0.75231474 0.72893024 0.69730066 0.65500785 0.59546748 0.51959112 0.39901868 0.29884809 0.00000000
1.00000000 1.00000000 1.00000000 1.00000000 1.00000000 1.00000000 1.00000000 1.00000000 1.00000000 1.00000000 1.00000000 1.00000000 1.00000000 1.00000000 1.00000000 1.00000000 1.00000000 1.00000000 1.00000000 1.00000000 1.00000000 1.00000000 1.00000000 1.00000000 1.00000000 1.00000000 1.00000000 1.00000000 1.00000000 1.00000000 1.00000000 1.00000000 1.00000000 1.00000000 1.00000000 1.00000000 1.00000000 1.00000000 1.00000000 1.00000000 1.00000000
