0.00000000 0.00000000 0.00000000 0.00000000 0.00000000 0.00000000 0.00000000 0.00000000 0.00000000 0.00000000 0.00000000 0.00000000 0.00000000 0.00000000 0.00000000 0.00000000 0.00000000 0.00000000 0.00000000 0.00000000 0.00000000 0.00000000 0.00000000 0.00000000 0.00000000 0.00000000 0.00000000 0.00000000 0.00000000 0.00000000 0.00000000 0.00000000 0.00000000 0.00000000 0.00000000 0.00000000 0.00000000 0.00000000 0.00000000 0.00000000 0.00000000
0.00000000 0.00011863 0.00021977 0.00027446 0.00029764 0.00030135 0.00029535 0.00028422 0.00027022 0.00025417 0.00023643 0.00021716 0.00019652 0.00017465 0.00015170 0.00012783 0.00010320 0.00007796 0.00005228 0.00002628 0.00000014 -0.00002601 -0.00005201 -0.00007772 -0.00010299 -0.00012765 -0.00015156 -0.00017456 -0.00019648 -0.00021718 -0.00023650 -0.00025430 -0.00027040 -0.00028444 -0.00029559 -0.00030159 -0.00029786 -0.00027462 -0.00021987 -0.00011868 0.00000000
0.00000000 0.00033677 0.00058257 0.00071336 0.00076904 0.00077861 0.00076408 0.00073625 0.00070058 0.00065927 0.00061337 0.00056342 0.00050985 0.00045308 0.00039351 0.00033156 0.00026765 0.00020218 0.00013554 0.00006812 0.00000031 -0.00006750 -0.00013495 -0.00020163 -0.00026717 -0.00033117 -0.00039321 -0.00045288 -0.00050977 -0.00056346 -0.00061353 -0.00065955 -0.00070096 -0.00073671 -0.00076459 -0.00077912 -0.00076947 -0.00071366 -0.00058271 -0.00033682 0.00000000
0.00000000 0.00066569 0.00109884 0.00132753 0.00142442 0.00144170 0.00141563 0.00136507 0.00129952 0.00122317 0.00113804 0.00104529 0.00094579 0.00084034 0.00072975 0.00061477 0.00049618 0.00037473 0.00025115 0.00012615 0.00000043 -0.00012529 -0.00025033 -0.00037399 -0.00049553 -0.00061423 -0.00072935 -0.00084010 -0.00094571 -0.00104538 -0.00113832 -0.00122361 -0.00130011 -0.00136577 -0.00141639 -0.00144243 -0.00142501 -0.00132787 -0.00109892 -0.00066563 0.00000000
0.00000000 0.00103531 0.00167421 0.00200710 0.00214602 0.00216979 0.00213012 0.00205420 0.00195567 0.00184075 0.00171249 0.00157271 0.00142277 0.00126393 0.00109739 0.00092434 0.00074591 0.00056324 0.00037741 0.00018948 0.00000050 -0.00018849 -0.00037647 -0.00056238 -0.00074517 -0.00092373 -0.00109695 -0.00126368 -0.00142272 -0.00157287 -0.00171286 -0.00184132 -0.00195643 -0.00205508 -0.00213105 -0.00217066 -0.00214665 -0.00200737 -0.00167410 -0.00103504 0.00000000
0.00000000 0.00143614 0.00229682 0.00274022 0.00292268 0.00295228 0.00289726 0.00279366 0.00265941 0.00250282 0.00232806 0.00213762 0.00193343 0.00171722 0.00149065 0.00125534 0.00101284 0.00076466 0.00051228 0.00025710 0.00000053 -0.00025606 -0.00051128 -0.00076376 -0.00101206 -0.00125472 -0.00149022 -0.00171700 -0.00193343 -0.00213786 -0.00232854 -0.00250353 -0.00266032 -0.00279470 -0.00289834 -0.00295323 -0.00292331 -0.00274034 -0.00229643 -0.00143559 0.00000000
0.00000000 0.00185381 0.00294740 0.00350587 0.00373290 0.00376756 0.00369572 0.00356262 0.00339067 0.00319030 0.00296680 0.00272341 0.00246261 0.00218666 0.00189769 0.00159775 0.00128884 0.00097286 0.00065164 0.00032695 0.00000054 -0.00032589 -0.00065063 -0.00097194 -0.00128806 -0.00159714 -0.00189728 -0.00218648 -0.00246268 -0.00272373 -0.00296739 -0.00319114 -0.00339173 -0.00356382 -0.00369693 -0.00376859 -0.00373348 -0.00350580 -0.00294668 -0.00185293 0.00000000
0.00000000 0.00228868 0.00362617 0.00430474 0.00457792 0.00461724 0.00452718 0.00436268 0.00415084 0.00390433 0.00362965 0.00333077 0.00301082 0.00267259 0.00231870 0.00195169 0.00157397 0.00118784 0.00079549 0.00039904 0.00000056 -0.00039795 -0.00079446 -0.00118691 -0.00157318 -0.00195108 -0.00231831 -0.00267244 -0.00301095 -0.00333119 -0.00363036 -0.00390532 -0.00415207 -0.00436406 -0.00452855 -0.00461836 -0.00457847 -0.00430447 -0.00362509 -0.00228743 0.00000000
0.00000000 0.00274146 0.00433410 0.00513814 0.00545923 0.00550283 0.00539305 0.00519505 0.00494088 0.00464562 0.00431702 0.00395992 0.00357808 0.00317488 0.00275348 0.00231689 0.00186796 0.00140936 0.00094366 0.00047328 0.00000058 -0.00047215 -0.00094259 -0.00140840 -0.00186714 -0.00231627 -0.00275309 -0.00317475 -0.00357826 -0.00396042 -0.00431786 -0.00464677 -0.00494230 -0.00519664 -0.00539462 -0.00550408 -0.00545979 -0.00513767 -0.00433265 -0.00273982 0.00000000
0.00000000 0.00321566 0.00507623 0.00601187 0.00638295 0.00643043 0.00629918 0.00606517 0.00576574 0.00541856 0.00503278 0.00461415 0.00416717 0.00369583 0.00320388 0.00269481 0.00217191 0.00163824 0.00109667 0.00054993 0.00000062 -0.00054872 -0.00109552 -0.00163720 -0.00217103 -0.00269413 -0.00320346 -0.00369571 -0.00416738 -0.00461473 -0.00503375 -0.00541990 -0.00576740 -0.00606702 -0.00630100 -0.00643187 -0.00638355 -0.00601123 -0.00507440 -0.00321362 0.00000000
0.00000000 0.00371501 0.00585811 0.00693236 0.00735570 0.00740650 0.00725165 0.00697860 0.00663041 0.00622753 0.00578067 0.00529661 0.00478066 0.00423753 0.00367153 0.00308670 0.00248674 0.00187509 0.00125492 0.00062917 0.00000067 -0.00062785 -0.00125365 -0.00187394 -0.00248575 -0.00308592 -0.00367103 -0.00423736 -0.00478088 -0.00529725 -0.00578177 -0.00622907 -0.00663234 -0.00698078 -0.00725381 -0.00740822 -0.00735641 -0.00693158 -0.00585590 -0.00371253 0.00000000
0.00000000 0.00424388 0.00668640 0.00790725 0.00838538 0.00843872 0.00825764 0.00794188 0.00754066 0.00707753 0.00656493 0.00601082 0.00542144 0.00480223 0.00415819 0.00349387 0.00281342 0.00212059 0.00141881 0.00071121 0.00000075 -0.00070973 -0.00141739 -0.00211928 -0.00281227 -0.00349295 -0.00415756 -0.00480197 -0.00542161 -0.00601150 -0.00656615 -0.00707929 -0.00754291 -0.00794445 -0.00826023 -0.00844081 -0.00838628 -0.00790639 -0.00668381 -0.00424094 0.00000000
0.00000000 0.00480699 0.00756839 0.00894497 0.00948058 0.00953536 0.00932478 0.00896181 0.00850243 0.00797359 0.00738973 0.00676014 0.00609210 0.00539193 0.00466531 0.00391736 0.00315263 0.00237518 0.00158861 0.00079617 0.00000085 -0.00079449 -0.00158698 -0.00237365 -0.00315126 -0.00391622 -0.00466448 -0.00539151 -0.00609218 -0.00676082 -0.00739106 -0.00797560 -0.00850505 -0.00896487 -0.00932790 -0.00953793 -0.00948179 -0.00894408 -0.00756543 -0.00480357 0.00000000
0.00000000 0.00540961 0.00851223 0.01005489 0.01065090 0.01070555 0.01046139 0.01004574 0.00952198 0.00892090 0.00825921 0.00754776 0.00679503 0.00600830 0.00519402 0.00435786 0.00350478 0.00263906 0.00176441 0.00088407 0.00000097 -0.00088215 -0.00176253 -0.00263726 -0.00350312 -0.00435642 -0.00519290 -0.00600763 -0.00679493 -0.00754837 -0.00826062 -0.00892315 -0.00952503 -0.01004939 -0.01046519 -0.01070877 -0.01065255 -0.01005408 -0.00850893 -0.00540568 0.00000000
0.00000000 0.00605763 0.00952708 0.01124755 0.01190698 0.01195935 0.01167651 0.01120146 0.01060578 0.00992462 0.00917733 0.00837655 0.00753217 0.00665254 0.00574494 0.00481560 0.00386984 0.00291208 0.00194604 0.00097481 0.00000109 -0.00097262 -0.00194387 -0.00290995 -0.00386781 -0.00481376 -0.00574342 -0.00665150 -0.00753177 -0.00837698 -0.00917874 -0.00992710 -0.01060930 -0.01120580 -0.01168116 -0.01196342 -0.01190927 -0.01124694 -0.00952347 -0.00605317 0.00000000
0.00000000 0.00675774 0.01062334 0.01253484 0.01326083 0.01330794 0.01298000 0.01243728 0.01176052 0.01098986 0.01014773 0.00924890 0.00830486 0.00732519 0.00631802 0.00529018 0.00424724 0.00319369 0.00213306 0.00106814 0.00000123 -0.00106567 -0.00213056 -0.00319117 -0.00424475 -0.00528782 -0.00631595 -0.00732360 -0.00830400 -0.00924902 -0.01014905 -0.01099253 -0.01176455 -0.01244245 -0.01298571 -0.01331311 -0.01326400 -0.01253461 -0.01061950 -0.00675273 0.00000000
0.00000000 0.00751763 0.01181297 0.01393040 0.01472604 0.01476382 0.01438270 0.01376206 0.01299304 0.01212154 0.01117360 0.01016652 0.00911364 0.00802590 0.00691236 0.00578038 0.00463571 0.00348272 0.00232460 0.00116360 0.00000135 -0.00116087 -0.00232176 -0.00347976 -0.00463266 -0.00577734 -0.00690954 -0.00802354 -0.00911207 -0.01016610 -0.01117465 -0.01212432 -0.01299761 -0.01376819 -0.01438971 -0.01477042 -0.01473042 -0.01393080 -0.01180902 -0.00751207 0.00000000
0.00000000 0.00834624 0.01310988 0.01544999 0.01631818 0.01634108 0.01589650 0.01518522 0.01431023 0.01332419 0.01225740 0.01113014 0.00995791 0.00875316 0.00752589 0.00628393 0.00503306 0.00377734 0.00251933 0.00126048 0.00000144 -0.00125752 -0.00251617 -0.00377390 -0.00502934 -0.00628004 -0.00752206 -0.00874972 -0.00995530 -0.01112885 -0.01225792 -0.01332690 -0.01431531 -0.01519246 -0.01590513 -0.01634953 -0.01632422 -0.01545138 -0.01310601 -0.00834016 0.00000000
0.00000000 0.00925416 0.01453047 0.01711208 0.01805529 0.01805574 0.01753456 0.01671670 0.01571889 0.01460168 0.01340050 0.01213915 0.01083558 0.00950390 0.00815507 0.00679723 0.00543599 0.00407479 0.00271529 0.00135774 0.00000146 -0.00135468 -0.00271187 -0.00407086 -0.00543149 -0.00679226 -0.00814991 -0.00949898 -0.01083147 -0.01213653 -0.01340007 -0.01460404 -0.01572438 -0.01672520 -0.01754516 -0.01806658 -0.01806358 -0.01711498 -0.01452698 -0.00924762 0.00000000
0.00000000 0.01025400 0.01609433 0.01893856 0.01995843 0.01992609 0.01931138 0.01836691 0.01722539 0.01595682 0.01460273 0.01319105 0.01174255 0.01027307 0.00879446 0.00731497 0.00583974 0.00437123 0.00290975 0.00145394 0.00000137 -0.00145100 -0.00290621 -0.00436683 -0.00583435 -0.00730866 -0.00878754 -0.01026610 -0.01173628 -0.01318642 -0.01460075 -0.01595838 -0.01723110 -0.01837676 -0.01932440 -0.01994001 -0.01996979 -0.01894368 -0.01609168 -0.01024716 0.00000000
0.00000000 0.01136114 0.01782520 0.02095569 0.02205247 0.02197315 0.02124299 0.02014652 0.01883537 0.01739083 0.01586174 0.01428084 0.01267206 0.01105301 0.00943622 0.00782975 0.00623782 0.00466144 0.00309906 0.00154720 0.00000108 -0.00154472 -0.00309568 -0.00465670 -0.00623146 -0.00782179 -0.00942702 -0.01104324 -0.01266274 -0.01427325 -0.01585728 -0.01739086 -0.01884089 -0.02015776 -0.02125892 -0.02199107 -0.02206803 -0.02096407 -0.01782408 -0.01135423 0.00000000
0.00000000 0.01259445 0.01975219 0.02319533 0.02436703 0.02422120 0.02334691 0.02206611 0.02055299 0.01890245 0.01717205 0.01540010 0.01361389 0.01183274 0.01006950 0.00833155 0.00662160 0.00493860 0.00327850 0.00163503 0.00000050 -0.00163357 -0.00327569 -0.00493373 -0.00661423 -0.00832160 -0.01005734 -0.01181920 -0.01360030 -0.01538818 -0.01716378 -0.01889983 -0.02055761 -0.02207861 -0.02336631 -0.02424427 -0.02438830 -0.02320846 -0.01975367 -0.01258792 0.00000000
0.00000000 0.01397767 0.02191170 0.02569675 0.02693773 0.02669835 0.02564219 0.02413561 0.02238007 0.02048689 0.01852396 0.01653586 0.01455335 0.01259710 0.01067974 0.00880719 0.00697992 0.00519396 0.00344201 0.00171430 -0.00000054 -0.00171470 -0.00344045 -0.00518937 -0.00697158 -0.00879488 -0.01066379 -0.01257852 -0.01453382 -0.01651770 -0.01850993 -0.02047988 -0.02238258 -0.02414899 -0.02566564 -0.02672810 -0.02696682 -0.02571679 -0.02191740 -0.01397222 0.00000000
0.00000000 0.01554092 0.02434968 0.02850870 0.02980756 0.02943696 0.02814883 0.02636313 0.02431448 0.02213406 0.01990179 0.01766908 0.01546993 0.01332569 0.01124780 0.00923972 0.00729856 0.00541651 0.00358207 0.00178111 -0.00000221 -0.00178458 -0.00358277 -0.00541288 -0.00728947 -0.00922467 -0.01122705 -0.01330041 -0.01544223 -0.01764200 -0.01987915 -0.02212003 -0.02431290 -0.02637648 -0.02817681 -0.02947526 -0.02984738 -0.02853877 -0.02436206 -0.01553772 0.00000000
0.00000000 0.01732373 0.02712573 0.03169305 0.03302921 0.03247444 0.03088739 0.02875360 0.02634831 0.02382657 0.02128198 0.01877294 0.01633594 0.01399175 0.01174919 0.00960779 0.00755996 0.00559280 0.00368953 0.00183070 -0.00000481 -0.00183901 -0.00369398 -0.00559117 -0.00755057 -0.00958971 -0.01172249 -0.01395769 -0.01629710 -0.01873327 -0.02124667 -0.02380156 -0.02633943 -0.02876514 -0.03092012 -0.03252366 -0.03308380 -0.03173777 -0.02714860 -0.01732465 0.00000000
0.00000000 0.01937790 0.03031704 0.03532776 0.03666600 0.03585215 0.03387613 0.03130499 0.02846376 0.02553580 0.02262961 0.01980997 0.01711421 0.01456047 0.01215281 0.00988485 0.00774257 0.00570649 0.00375335 0.00185739 -0.00000869 -0.00187299 -0.00376369 -0.00570847 -0.00773372 -0.00986362 -0.01211887 -0.01451505 -0.01706034 -0.01975267 -0.02257581 -0.02549387 -0.02844242 -0.03131142 -0.03391310 -0.03591503 -0.03674086 -0.03539388 -0.03035625 -0.01938596 0.00000000
0.00000000 0.02177600 0.03402888 0.03951558 0.04079709 0.03961713 0.03713029 0.03400611 0.03063042 0.02721925 0.02389620 0.02073042 0.01775708 0.01498844 0.01242078 0.01003919 0.00782105 0.00573863 0.00376086 0.00185464 -0.00001433 -0.00188090 -0.00378010 -0.00574659 -0.00781419 -0.01001502 -0.01237831 -0.01492860 -0.01768323 -0.02064873 -0.02381573 -0.02715161 -0.03058851 -0.03400162 -0.03716959 -0.03969671 -0.04089985 -0.03961324 -0.03409377 -0.02179633 0.00000000
0.00000000 0.02461518 0.03839827 0.04438372 0.04551174 0.04381221 0.04064976 0.03682386 0.03279332 0.02881029 0.02501137 0.02146580 0.01820151 0.01522011 0.01250594 0.01003222 0.00776517 0.00566692 0.00369726 0.00181484 -0.00002229 -0.00185630 -0.00372952 -0.00568426 -0.00776263 -0.01000596 -0.01245384 -0.01514240 -0.01810154 -0.02135076 -0.02489279 -0.02870397 -0.03271801 -0.03679817 -0.04068637 -0.04391084 -0.04565227 -0.04452774 -0.03850335 -0.02465613 0.00000000
0.00000000 0.02804705 0.04362700 0.05011019 0.05092591 0.04848479 0.04442303 0.03970496 0.03487437 0.03022003 0.02588552 0.02193223 0.01837292 0.01519175 0.01235565 0.00982188 0.00754262 0.00546790 0.00354716 0.00173006 -0.00003336 -0.00179280 -0.00359809 -0.00549951 -0.00754808 -0.00979547 -0.01229348 -0.01509265 -0.01823955 -0.02177238 -0.02571326 -0.03005629 -0.03474587 -0.03964079 -0.04444656 -0.04860316 -0.05111740 -0.05032336 -0.04379637 -0.02812367 0.00000000
0.00000000 0.03226663 0.04995753 0.05688572 0.05713198 0.05363169 0.04837312 0.04252735 0.03673100 0.03130367 0.02638305 0.02200955 0.01816906 0.01481906 0.01190234 0.00935556 0.00711384 0.00511334 0.00329227 0.00159101 -0.00004834 -0.00168275 -0.00336924 -0.00516589 -0.00713278 -0.00933264 -0.01183100 -0.01469562 -0.01799431 -0.02179085 -0.02613642 -0.03105571 -0.03651877 -0.04239515 -0.04836187 -0.05376362 -0.05738819 -0.05719961 -0.05022818 -0.03240391 0.00000000
0.00000000 0.03763462 0.05779815 0.06501598 0.06427561 0.05925909 0.05240809 0.04514609 0.03819967 0.03190192 0.02636149 0.02157740 0.01749236 0.01402555 0.01108771 0.00858999 0.00644768 0.00458178 0.00291893 0.00139056 -0.00006848 -0.00152155 -0.00303194 -0.00466473 -0.00648854 -0.00857715 -0.01101079 -0.01387681 -0.01726882 -0.02128390 -0.02601436 -0.03153304 -0.03785855 -0.04489835 -0.05232271 -0.05938710 -0.06461156 -0.06547925 -0.05823383 -0.03788068 0.00000000
0.00000000 0.04450366 0.06746112 0.07462301 0.07225007 0.06509790 0.05617147 0.04718306 0.03892259 0.03169974 0.02555651 0.02042154 0.01617368 0.01268043 0.00981255 0.00745146 0.00549088 0.00383645 0.00240401 0.00111730 -0.00009447 -0.00129928 -0.00256494 -0.00396175 -0.00556530 -0.00745928 -0.00973824 -0.01251013 -0.01589777 -0.02003879 -0.02507977 -0.03116330 -0.03838843 -0.04674389 -0.05593804 -0.06517217 -0.07266208 -0.07528952 -0.06815065 -0.04493554 0.00000000
0.00000000 0.05377764 0.07973601 0.08615266 0.08114369 0.07100949 0.05941583 0.04837050 0.03866042 0.03050683 0.02382987 0.01844979 0.01415745 0.01075492 0.00806612 0.00594012 0.00424898 0.00288424 0.00175291 0.00077338 -0.00012833 -0.00102232 -0.00197826 -0.00306907 -0.00437469 -0.00598626 -0.00801059 -0.01057532 -0.01383373 -0.01796938 -0.02319559 -0.02974886 -0.03784932 -0.04762995 -0.05891526 -0.07093640 -0.08160637 -0.08709873 -0.08083221 -0.05454677 0.00000000
0.00000000 0.06551748 0.09407575 0.09855583 0.08958072 0.07555467 0.06080298 0.04755475 0.03646510 0.02756752 0.02059074 0.01520550 0.01109322 0.00798157 0.00564577 0.00390442 0.00261146 0.00164852 0.00091798 0.00033696 -0.00016784 -0.00066474 -0.00122149 -0.00190957 -0.00280894 -0.00401344 -0.00563721 -0.00782259 -0.01074938 -0.01464604 -0.01979810 -0.02655429 -0.03529627 -0.04637694 -0.05985268 -0.07514395 -0.08996271 -0.09978651 -0.09572209 -0.06682524 0.00000000
0.00000000 0.08200455 0.11191452 0.11240343 0.09760534 0.07862560 0.06027365 0.04479826 0.03252246 0.02316062 0.01617374 0.01104540 0.00733364 0.00469022 0.00284604 0.00159577 0.00078199 0.00028267 0.00000100 -0.00014239 -0.00021583 -0.00028195 -0.00040255 -0.00064343 -0.00107970 -0.00180220 -0.00292552 -0.00459875 -0.00701948 -0.01045297 -0.01525312 -0.02188816 -0.03093324 -0.04303893 -0.05864184 -0.07759756 -0.09767736 -0.11388982 -0.11433617 -0.08422382 0.00000000
0.00000000 0.09848396 0.12593949 0.11999984 0.09820182 0.07434257 0.05312119 0.03640379 0.02394111 0.01501206 0.00877362 0.00452262 0.00171164 -0.00006145 -0.00108878 -0.00158143 -0.00169327 -0.00153819 -0.00120261 -0.00075468 -0.00025113 0.00025712 0.00072016 0.00108425 0.00128648 0.00124813 0.00086582 -0.00000105 -0.00154800 -0.00405179 -0.00790473 -0.01366327 -0.02207685 -0.03411062 -0.05069054 -0.07238089 -0.09750035 -0.12132991 -0.12898912 -0.10184530 0.00000000
0.00000000 0.12326061 0.14216950 0.12585514 0.09555464 0.06696551 0.04370906 0.02668335 0.01483504 0.00692902 0.00182980 -0.00131696 -0.00312306 -0.00400954 -0.00426417 -0.00408390 -0.00360505 -0.00292374 -0.00210957 -0.00121501 -0.00028213 0.00065233 0.00155258 0.00237959 0.00308629 0.00361141 0.00387089 0.00374505 0.00305908 0.00155234 -0.00116697 -0.00569143 -0.01288758 -0.02398977 -0.04045710 -0.06379285 -0.09353156 -0.12643053 -0.14556217 -0.12807549 0.00000000
0.00000000 0.11809095 0.11910906 0.09443124 0.06181670 0.03493344 0.01520059 0.00217062 -0.00582637 -0.01030288 -0.01245065 -0.01309802 -0.01279296 -0.01188747 -0.01060495 -0.00908711 -0.00742412 -0.00567380 -0.00387365 -0.00204855 -0.00021595 0.00161038 0.00341732 0.00518949 0.00690589 0.00853544 0.01003039 0.01131604 0.01227394 0.01271437 0.01233104 0.01062919 0.00682539 -0.00028821 -0.01236470 -0.03150427 -0.05873771 -0.09352533 -0.12141344 -0.12324221 0.00000000
0.00000000 0.14092585 0.11242812 0.07588571 0.04194411 0.01811392 0.00266258 -0.00647815 -0.01137078 -0.01357000 -0.01412584 -0.01371038 -0.01273070 -0.01142977 -0.00994969 -0.00837350 -0.00674919 -0.00510414 -0.00345343 -0.00180487 -0.00016218 0.00147292 0.00309898 0.00471326 0.00630984 0.00787702 0.00939321 0.01082035 0.01209203 0.01309365 0.01362553 0.01334365 0.01165409 0.00757232 -0.00046604 -0.01476413 -0.03788359 -0.07268446 -0.11165767 -0.14442588 0.00000000
0.00000000 -0.06772315 -0.07006023 -0.07188685 -0.07053083 -0.06879767 -0.06530985 -0.06076213 -0.05546923 -0.04990038 -0.04432454 -0.03891431 -0.03374368 -0.02883468 -0.02417721 -0.01974610 -0.01550906 -0.01143143 -0.00747814 -0.00361467 0.00019279 0.00397741 0.00777199 0.01160924 0.01552208 0.01954373 0.02370753 0.02804627 0.03258952 0.03736009 0.04236147 0.04756808 0.05287629 0.05812008 0.06289384 0.06696460 0.06941702 0.07178978 0.07091972 0.07090690 0.00000000
0.00000000 0.00000000 0.00000000 0.00000000 0.00000000 0.00000000 0.00000000 0.00000000 0.00000000 0.00000000 0.00000000 0.00000000 0.00000000 0.00000000 0.00000000 0.00000000 0.00000000 0.00000000 0.00000000 0.00000000 0.00000000 0.00000000 0.00000000 0.00000000 0.00000000 0.00000000 0.00000000 0.00000000 0.00000000 0.00000000 0.00000000 0.00000000 0.00000000 0.00000000 0.00000000 0.00000000 0.00000000 0.00000000 0.00000000 0.00000000 0.00000000
